#name                        dt     m1   m2     zl  zs     id      tau     sig
tdc1_rung1_double_pair1.txt -14.23 20.33 21.04 0.53 0.89 6333077 60.29928 0.02232
tdc1_rung1_double_pair2.txt 55.37 20.55 20.94 0.874 2.61 22037319 784.19513 0.00433
tdc1_rung1_double_pair3.txt -93.74 21.46 23.25 2.144 2.95 134634609 229.24763 0.0267
tdc1_rung1_double_pair4.txt 77.79 23.29 22.89 1.882 2.33 107697424 151.70235 0.0155
tdc1_rung1_double_pair5.txt 32.47 20.13 20.92 0.87 2.73 21767596 111.36159 0.01132
tdc1_rung1_double_pair6.txt -58.95 21.21 22.76 0.878 2.09 22265886 545.69795 0.00394
tdc1_rung1_double_pair7.txt 49.79 18.9 20.65 0.894 2.62 23191252 225.21185 0.00883
tdc1_rung1_double_pair8.txt 15.52 19.99 21.21 0.176 1.56 299506 45.3061 0.02008
tdc1_rung1_double_pair9.txt 75.66 19.7 20.69 0.928 2.54 25331145 519.13955 0.00384
tdc1_rung1_double_pair10.txt -68.18 21.88 23.29 0.966 2.79 27781976 199.45657 0.00673
tdc1_rung1_double_pair11.txt 13.04 21.89 23.13 0.792 3.64 17378703 459.4474 0.0042
tdc1_rung1_double_pair12.txt 26.3 22.83 22.7 0.472 2.05 4674912 485.5498 0.02137
tdc1_rung1_double_pair13.txt -28.44 21.22 23.09 0.454 2.12 4208831 187.81911 0.01813
tdc1_rung1_double_pair14.txt -5.03 22.36 23.11 0.728 3.79 14148779 381.32308 0.00856
tdc1_rung1_double_pair15.txt -84.43 18.38 20.21 0.64 1.87 10301246 224.52383 0.02309
tdc1_rung1_double_pair16.txt 16.17 22.86 22.96 0.272 3.88 1030743 51.03195 0.06921
tdc1_rung1_double_pair17.txt -102.1 21.8 22.46 0.63 1.59 9902731 435.95057 0.01766
tdc1_rung1_double_pair18.txt 75.29 21.92 21.28 0.696 3.32 12708856 214.78662 0.02815
tdc1_rung1_double_pair19.txt -54.31 21.76 21.99 0.898 2.38 23461229 454.00492 0.00425
tdc1_rung1_double_pair20.txt 56.15 19.79 22.27 0.748 2.02 15165438 418.38125 0.00815
tdc1_rung1_double_pair21.txt 44.5 23.04 22.19 0.97 2.48 28043857 171.56949 0.02144
tdc1_rung1_double_pair22.txt 32.44 19.83 20.08 0.74 2.42 14763811 88.72695 0.05211
tdc1_rung1_double_pair23.txt 29.81 20.65 22.52 0.498 2.65 5379206 66.85092 0.04352
tdc1_rung1_double_pair24.txt 55.28 21.53 22.58 0.414 2.86 3288023 86.41297 0.01953
tdc1_rung1_double_pair25.txt -45.17 21.21 23.14 0.324 0.61 1685041 55.94983 0.0298
tdc1_rung1_double_pair26.txt -104.5 21.05 21.49 0.89 2.84 22981300 68.47078 0.05409
tdc1_rung1_double_pair27.txt -8.35 21.23 22.35 0.83 2.74 19448188 36.33106 0.076
tdc1_rung1_double_pair28.txt 45.85 21.43 22.39 1.326 3.85 55150677 144.36666 0.03087
tdc1_rung1_double_pair29.txt 9.96 22.78 23.26 0.782 2.33 16838383 159.86299 0.00978
tdc1_rung1_double_pair30.txt 41.04 23.12 23.11 1.172 3.86 42542988 132.75321 0.02923
tdc1_rung1_double_pair31.txt -15.28 20.98 23.01 0.652 2.71 10778516 310.31231 0.01346
tdc1_rung1_double_pair32.txt 84.67 20.88 22.31 2.088 3.14 128805947 253.71156 0.00593
tdc1_rung1_double_pair33.txt 26.59 21.18 21.92 0.836 2.77 19829215 43.44417 0.06012
tdc1_rung1_double_pair34.txt 72.83 20.01 20.97 0.424 1.49 3516458 112.50146 0.02206
tdc1_rung1_double_pair35.txt 31.52 19.34 20.72 0.292 2.7 1262389 449.88672 0.00999
tdc1_rung1_double_pair36.txt -10.85 21.48 23.1 0.368 3.36 2381984 602.50499 0.00438
tdc1_rung1_double_pair37.txt -9.97 20.52 20.6 0.364 3.12 2310970 57.06521 0.02968
tdc1_rung1_double_pair38.txt -44.37 20.68 21.2 0.216 2.94 539796 52.87694 0.03784
tdc1_rung1_double_pair39.txt -27.13 21.17 23.28 0.838 3.36 19897311 68.47078 0.05409
tdc1_rung1_double_pair40.txt 65.29 21.53 23.19 1.386 2.52 60374052 533.98003 0.01949
tdc1_rung1_double_pair41.txt -24.06 19.43 20.18 1.578 2.73 77867135 64.0974 0.02636
tdc1_rung1_double_pair42.txt 76.57 21.54 21.86 0.404 1.45 3085855 751.92192 0.00482
tdc1_rung1_double_pair43.txt 24.02 21.95 23.13 0.156 2.13 210055 53.00956 0.02051
tdc1_rung1_double_pair44.txt -17.61 23.04 23.05 0.428 4.77 3596006 789.81271 0.00417
tdc1_rung1_double_pair45.txt -73.39 20.85 20.86 1.2 2.72 44788861 44.0507 0.01313
tdc1_rung1_double_pair46.txt 29.24 21.39 23.12 0.502 1.82 5499395 157.39622 0.03058
tdc1_rung1_double_pair47.txt -5.13 20.07 20.87 0.196 1.11 400908 345.98879 0.00482
tdc1_rung1_double_pair48.txt -19.9 21.65 20.66 0.616 3.61 9354189 150.26899 0.02382
tdc1_rung1_double_pair49.txt 64.28 21.02 22.68 1.988 3.63 118440218 180.86684 0.00825
tdc1_rung1_double_pair50.txt -26.97 21.38 21.64 0.348 2.64 2046483 153.21605 0.00674
tdc1_rung1_double_pair51.txt -43.81 19.51 21.31 1.052 2.02 33615482 532.03145 0.0059
tdc1_rung1_double_pair52.txt 57.01 19.15 20.94 0.516 1.57 5922188 126.19774 0.00729
tdc1_rung1_double_pair53.txt -55.36 18.06 20.19 0.218 2.1 553152 56.44342 0.01294
tdc1_rung1_double_pair54.txt -29.21 22.16 22.64 1.426 2.56 63911467 295.2631 0.00507
tdc1_rung1_double_pair55.txt -11.48 20.67 21.95 0.168 1.64 260510 131.58531 0.02859
tdc1_rung1_double_pair56.txt -79.94 20.02 22.36 0.252 1.26 836521 376.86034 0.00844
tdc1_rung1_double_pair57.txt 27.13 20.06 19.41 0.592 2.62 8444584 100.94452 0.03438
tdc1_rung1_double_pair58.txt 33.98 20.02 20.76 1.946 3.95 114159075 114.92928 0.01364
tdc1_rung1_double_pair59.txt 39.77 21.54 21.93 0.546 1.73 6857748 260.13792 0.02986
tdc1_rung1_double_pair60.txt 90.58 19.42 20.81 0.85 2.51 20628789 885.05732 0.00887
tdc1_rung1_double_pair61.txt 72.14 21.88 23.07 0.76 1.27 15782550 300.84177 0.02813
tdc1_rung1_double_pair62.txt 54.72 19.79 20.51 0.296 1.92 1311739 911.68534 0.00749
tdc1_rung1_double_pair63.txt -23.92 18.77 20.3 0.1 0.74 58449 154.54672 0.03111
tdc1_rung1_double_pair64.txt 102.22 22.67 23.22 0.576 1.58 7882572 75.6378 0.02609
tdc1_rung1_double_pair65.txt 7.85 22.06 22.16 0.302 2.4 1384410 153.63432 0.00991
tdc1_rung1_double_pair66.txt -92.23 19.65 20.99 0.332 2.88 1804892 187.81911 0.01813
tdc1_rung1_double_pair67.txt 61.28 22.24 22.97 0.576 2.64 7884798 217.6562 0.00745
tdc1_rung1_double_pair68.txt 14.24 20.14 21.4 0.376 0.91 2526037 997.97867 0.01058
tdc1_rung1_double_pair69.txt -21.56 19.7 21.83 0.526 1.66 6193491 116.86266 0.01093
tdc1_rung1_double_pair70.txt 20.68 20.52 22.6 0.82 4.11 18893595 54.4918 0.01959
tdc1_rung1_double_pair71.txt 10.97 21.95 22.3 0.374 1.42 2488304 281.43943 0.01154
tdc1_rung1_double_pair72.txt -77.22 19.41 21.55 0.898 3.17 23465045 110.82178 0.02943
tdc1_rung1_double_pair73.txt -59.54 23.01 21.62 0.364 2.39 2326678 61.98003 0.03912
tdc1_rung1_double_pair74.txt -71.98 21.83 21.81 0.796 2.01 17639193 32.04324 0.07333
tdc1_rung1_double_pair75.txt -38.57 22.26 23.09 1.012 3.91 30810247 397.46114 0.01087
tdc1_rung1_double_pair76.txt 88.8 19.2 20.72 0.188 1.54 364922 696.04015 0.00361
tdc1_rung1_double_pair77.txt 82.02 21.31 22.48 1.056 1.85 33938478 34.69556 0.06193
tdc1_rung1_double_pair78.txt 12.07 19.52 21.83 0.466 3.19 4499667 44.64898 0.01795
tdc1_rung1_double_pair79.txt -82.13 22.3 23.07 0.506 1.9 5625543 169.34264 0.03474
tdc1_rung1_double_pair80.txt -26.36 20.74 22.52 0.388 2.85 2752822 72.30333 0.03322
tdc1_rung1_double_pair81.txt -101.14 20.11 21.48 0.822 2.59 19059336 310.31231 0.01346
tdc1_rung1_double_pair82.txt 31.3 22.3 23.02 0.318 3.73 1599437 387.21437 0.00975
tdc1_rung1_double_pair83.txt -81.26 22.38 23.19 1.214 2.23 45928020 224.52383 0.02309
tdc1_rung1_double_pair84.txt -84.85 18.38 20.21 1.264 2.05 49980948 233.99551 0.03017
tdc1_rung1_double_pair85.txt -88.32 21.75 22.33 1.208 3.9 45423566 131.99803 0.0296
tdc1_rung1_double_pair86.txt -10.33 20.52 19.11 0.18 1.23 317729 735.60698 0.0119
tdc1_rung1_double_pair87.txt -45.94 21.01 21.22 0.756 1.98 15586226 73.61062 0.03158
tdc1_rung1_double_pair88.txt 107.35 20.97 22.8 0.38 2.67 2610554 443.70576 0.01119
tdc1_rung1_double_pair89.txt -118.27 19.21 20.27 0.238 1.42 710960 34.43613 0.03714
tdc1_rung1_double_pair90.txt -42.16 21.65 21.37 1.006 2.05 30436554 47.85819 0.06614
tdc1_rung1_double_pair91.txt 8.75 20.88 21.05 0.234 2.0 673283 56.37229 0.04021
tdc1_rung1_double_pair92.txt -7.14 22.32 23.16 0.378 0.62 2571788 225.12584 0.0054
tdc1_rung1_double_pair93.txt -22.16 22.83 23.12 1.048 2.32 33318966 42.59265 0.01546
tdc1_rung1_double_pair94.txt -62.04 19.8 20.87 1.592 3.56 79201236 68.93764 0.03037
tdc1_rung1_double_pair95.txt 50.23 20.94 20.91 0.81 1.67 18377510 300.84177 0.02813
tdc1_rung1_double_pair96.txt 50.25 21.5 23.21 0.844 4.22 20260458 114.92928 0.01364
tdc1_rung1_double_pair97.txt 51.35 21.43 21.27 0.642 2.05 10377044 104.95974 0.00958
tdc1_rung1_double_pair98.txt -80.63 21.53 23.24 0.746 2.92 15077332 93.5632 0.05081
tdc1_rung1_double_pair99.txt 65.98 19.22 20.45 0.398 2.66 2962841 592.79171 0.0033
tdc1_rung1_double_pair100.txt 16.48 22.95 22.61 1.386 3.98 60354182 214.36793 0.02449
tdc1_rung1_double_pair101.txt 40.35 22.82 21.24 1.072 2.43 35075057 40.4225 0.02942
tdc1_rung1_double_pair102.txt -13.04 20.39 20.66 0.842 2.33 20125858 730.23515 0.00885
tdc1_rung1_double_pair103.txt 29.1 19.74 20.45 1.118 1.6 38466477 395.56307 0.02257
tdc1_rung1_double_pair104.txt -97.3 19.1 20.18 0.542 1.83 6729030 393.12768 0.00566
tdc1_rung1_double_pair105.txt -77.28 20.0 21.66 0.362 0.69 2291722 69.58739 0.04434
tdc1_rung1_double_pair106.txt -22.23 22.48 22.42 0.164 2.77 243722 538.07035 0.0162
tdc1_rung1_double_pair107.txt -23.74 20.53 21.62 1.012 3.7 30790193 739.25229 0.00711
tdc1_rung1_double_pair108.txt 38.21 20.98 23.16 0.482 2.63 4933154 106.51844 0.03356
tdc1_rung1_double_pair109.txt -25.06 21.71 22.95 1.264 2.93 49962241 946.81212 0.00361
tdc1_rung1_double_pair110.txt -21.04 19.27 20.94 0.81 3.44 18386559 78.29509 0.02097
tdc1_rung1_double_pair111.txt 117.61 20.66 20.66 0.846 2.78 20407514 717.10674 0.00822
tdc1_rung1_double_pair112.txt -61.6 22.17 22.5 0.792 3.36 17417506 105.92882 0.01942
tdc1_rung1_double_pair113.txt -75.93 23.16 23.22 0.526 2.04 6229919 187.85366 0.00905
tdc1_rung1_double_pair114.txt 62.29 21.03 22.52 0.184 0.48 342959 184.42007 0.0075
tdc1_rung1_double_pair115.txt -30.77 20.16 20.63 0.62 1.82 9498252 643.07832 0.00899
tdc1_rung1_double_pair116.txt -36.25 19.84 21.88 0.204 1.86 457723 43.63188 0.0191
tdc1_rung1_double_pair117.txt 44.33 20.2 21.42 1.542 2.48 74501818 497.0091 0.01934
tdc1_rung1_double_pair118.txt 9.21 20.74 20.54 0.478 1.41 4810880 171.56949 0.02144
tdc1_rung1_double_pair119.txt 20.53 20.11 21.69 0.904 1.98 23827374 34.72101 0.07884
tdc1_rung1_double_pair120.txt -32.53 22.91 23.29 0.988 2.57 29218108 93.19644 0.02102
tdc1_rung1_double_pair121.txt -88.02 21.04 21.02 0.318 3.81 1603461 100.36581 0.0398
tdc1_rung1_double_pair122.txt 36.34 22.63 22.73 0.588 2.42 8296935 239.12531 0.01081
tdc1_rung1_double_pair123.txt -11.82 22.53 22.79 0.164 3.58 246771 966.42174 0.01021
tdc1_rung1_double_pair124.txt -33.49 19.96 22.36 0.246 1.78 779384 566.27609 0.01547
tdc1_rung1_double_pair125.txt -21.59 22.16 22.45 1.188 2.84 43822147 31.7443 0.01868
tdc1_rung1_double_pair126.txt 11.13 20.22 21.0 0.186 1.47 347938 62.18598 0.02382
tdc1_rung1_double_pair127.txt 47.58 22.17 23.25 1.024 1.88 31679510 166.2434 0.00767
tdc1_rung1_double_pair128.txt 53.93 21.0 21.11 2.21 5.04 141503898 99.05471 0.01636
tdc1_rung1_double_pair129.txt 88.77 21.26 21.41 0.44 1.66 3883741 33.48201 0.01617
tdc1_rung1_double_pair130.txt -23.65 23.15 22.54 1.234 2.4 47458270 855.26776 0.01225
tdc1_rung1_double_pair131.txt 47.28 20.19 20.74 0.622 1.25 9587724 708.33634 0.00426
tdc1_rung1_double_pair132.txt -22.92 21.39 22.33 0.314 2.56 1539743 37.83871 0.01673
tdc1_rung1_double_pair133.txt -45.03 22.08 22.11 0.638 2.39 10222816 37.17212 0.06272
tdc1_rung1_double_pair134.txt -102.17 19.95 22.4 0.834 2.41 19719243 393.12768 0.00566
tdc1_rung1_double_pair135.txt -60.74 20.65 20.38 1.158 2.11 41528858 60.49605 0.03042
tdc1_rung1_double_pair136.txt 50.72 19.0 20.17 0.848 2.19 20507479 884.65061 0.00473
tdc1_rung1_double_pair137.txt 40.85 21.21 21.79 1.362 2.34 58243267 40.20634 0.0331
tdc1_rung1_double_pair138.txt 58.83 21.62 22.99 0.33 2.39 1770380 59.68679 0.02627
tdc1_rung1_double_pair139.txt 39.2 20.93 21.89 1.402 2.06 61777552 66.62308 0.01706
tdc1_rung1_double_pair140.txt 65.95 20.72 20.49 1.468 2.48 67688500 172.83074 0.03203
tdc1_rung1_double_pair141.txt 60.77 22.66 23.2 0.384 1.72 2686071 214.78662 0.02815
tdc1_rung1_double_pair142.txt 41.63 21.07 21.6 0.744 2.15 14976503 77.75749 0.04111
tdc1_rung1_double_pair143.txt 42.16 21.4 21.55 1.036 3.82 32494505 98.6641 0.04242
tdc1_rung1_double_pair144.txt -5.78 21.51 22.6 0.388 3.54 2736515 53.4707 0.01867
tdc1_rung1_double_pair145.txt 23.73 19.31 20.39 0.502 1.12 5503912 393.29383 0.0118
tdc1_rung1_double_pair146.txt -68.67 22.86 23.23 1.136 3.28 39827275 116.86266 0.01093
tdc1_rung1_double_pair147.txt 38.25 20.83 21.39 0.764 3.0 15963786 426.45395 0.00867
tdc1_rung1_double_pair148.txt 17.38 21.01 21.41 0.426 2.6 3540712 78.20988 0.03505
tdc1_rung1_double_pair149.txt -66.4 22.27 22.67 0.48 2.67 4893136 301.83225 0.00747
tdc1_rung1_double_pair150.txt -18.02 22.12 22.93 0.514 1.37 5847651 113.02589 0.01112
tdc1_rung1_double_pair151.txt 29.4 21.4 20.57 0.354 1.33 2148358 589.40592 0.00369
tdc1_rung1_double_pair152.txt -53.49 23.16 21.65 0.554 3.46 7127027 36.64991 0.02272
tdc1_rung1_double_pair153.txt 21.2 19.65 20.96 0.574 1.03 7788057 418.38125 0.00815
tdc1_rung1_double_pair154.txt 22.43 20.77 22.08 1.062 2.46 34306307 802.08127 0.01095
tdc1_rung1_double_pair155.txt 87.48 20.44 21.07 0.414 1.07 3296997 173.62012 0.02022
tdc1_rung1_double_pair156.txt -113.4 20.7 23.17 0.496 2.71 5336403 154.54672 0.03111
tdc1_rung1_double_pair157.txt 33.85 20.63 21.3 0.27 1.54 1012286 387.21437 0.00975
tdc1_rung1_double_pair158.txt 66.17 21.61 23.11 0.418 3.29 3380384 450.00867 0.00482
tdc1_rung1_double_pair159.txt 23.31 20.67 21.57 0.52 1.74 6028203 467.29596 0.01216
tdc1_rung1_double_pair160.txt 15.75 20.82 22.36 0.178 1.97 311278 136.15411 0.02044
tdc1_rung1_double_pair161.txt -27.2 18.95 20.97 0.464 1.65 4469935 321.82746 0.00964
tdc1_rung1_double_pair162.txt 70.67 23.03 23.23 1.338 3.52 56204963 220.78275 0.03341
tdc1_rung1_double_pair163.txt -80.9 21.21 22.94 0.358 2.68 2217988 97.47568 0.04926
tdc1_rung1_double_pair164.txt -28.21 22.64 22.99 0.58 4.21 8008638 482.55702 0.00619
tdc1_rung1_double_pair165.txt -43.39 21.65 21.79 1.09 4.74 36377908 258.91188 0.01673
tdc1_rung1_double_pair166.txt -88.26 21.07 23.29 0.898 3.03 23457472 186.127 0.00705
tdc1_rung1_double_pair167.txt 73.73 21.28 22.54 0.888 1.48 22881117 248.05559 0.02653
tdc1_rung1_double_pair168.txt -33.75 18.47 20.69 0.374 0.51 2504560 327.57486 0.01066
tdc1_rung1_double_pair169.txt 21.83 20.75 21.93 0.14 2.36 154028 74.97049 0.01856
tdc1_rung1_double_pair170.txt 25.6 21.62 22.72 0.456 2.4 4265781 526.74212 0.00353
tdc1_rung1_double_pair171.txt 32.63 21.96 23.11 1.184 4.27 43479581 119.06197 0.01561
tdc1_rung1_double_pair172.txt -70.02 19.93 21.5 0.406 2.88 3124981 116.72108 0.0258
tdc1_rung1_double_pair173.txt 70.89 22.22 23.11 1.466 2.41 67516951 159.27904 0.02572
tdc1_rung1_double_pair174.txt -36.81 22.97 22.5 0.714 2.88 13541360 260.30231 0.01925
tdc1_rung1_double_pair175.txt -28.32 21.66 22.4 0.744 3.2 14945375 794.85489 0.01317
tdc1_rung1_double_pair176.txt 93.53 19.34 20.74 1.286 2.54 51810830 151.70235 0.0155
tdc1_rung1_double_pair177.txt -39.05 22.27 22.63 1.496 3.98 70257822 786.49613 0.01069
tdc1_rung1_double_pair178.txt 71.03 20.76 20.64 1.134 2.71 39686563 299.41784 0.00787
tdc1_rung1_double_pair179.txt 14.82 22.34 22.79 0.384 1.75 2684105 395.87076 0.0168
tdc1_rung1_double_pair180.txt -101.46 21.2 23.15 0.888 3.49 22874973 633.62821 0.00435
tdc1_rung1_double_pair181.txt -38.12 21.99 21.71 0.264 1.87 954406 689.98838 0.00519
tdc1_rung1_double_pair182.txt 71.01 21.83 23.0 0.374 3.56 2497481 423.48197 0.01803
tdc1_rung1_double_pair183.txt 16.66 20.7 21.72 0.26 2.38 911705 721.40215 0.00406
tdc1_rung1_double_pair184.txt -111.15 20.01 20.62 1.288 2.7 51963820 39.50575 0.01792
tdc1_rung1_double_pair185.txt 88.92 21.53 21.82 0.828 2.57 19403020 87.53212 0.03785
tdc1_rung1_double_pair186.txt -71.59 19.67 22.12 0.338 1.99 1895747 104.91506 0.00968
tdc1_rung1_double_pair187.txt 23.12 20.16 22.41 0.23 0.8 641529 52.64476 0.06006
tdc1_rung1_double_pair188.txt 7.25 21.48 22.73 0.802 2.54 17926430 690.48055 0.00486
tdc1_rung1_double_pair189.txt -56.89 21.44 23.1 1.256 3.13 49297836 159.94551 0.02171
tdc1_rung1_double_pair190.txt -72.75 19.94 20.91 1.074 2.37 35236832 260.86629 0.01033
tdc1_rung1_double_pair191.txt 18.89 23.19 22.82 1.122 2.06 38752939 691.33169 0.00915
tdc1_rung1_double_pair192.txt 101.0 21.17 23.19 0.99 2.98 29369619 775.77407 0.0041
tdc1_rung1_double_pair193.txt -32.48 22.25 23.18 0.59 3.45 8376557 321.82746 0.00964
tdc1_rung1_double_pair194.txt 93.88 21.5 21.91 0.968 1.93 27904425 448.8832 0.01956
tdc1_rung1_double_pair195.txt -19.18 21.12 20.9 0.796 3.34 17611701 249.08372 0.00781
tdc1_rung1_double_pair196.txt -75.24 20.06 19.97 0.898 2.85 23474868 169.34264 0.03474
tdc1_rung1_double_pair197.txt -31.22 23.27 22.37 0.69 1.74 12438093 177.96481 0.01768
tdc1_rung1_double_pair198.txt 12.72 21.71 21.53 0.61 2.6 9101139 197.27831 0.0057
tdc1_rung1_double_pair199.txt 10.57 18.42 20.6 0.402 1.66 3027621 254.60144 0.01678
tdc1_rung1_double_pair200.txt -38.04 21.18 21.65 0.758 2.25 15679444 434.36823 0.01086
tdc1_rung1_double_pair201.txt -17.83 21.17 22.12 1.048 3.58 33326296 385.05966 0.01552
tdc1_rung1_double_pair202.txt -50.81 19.76 20.32 1.21 1.92 45586525 58.48972 0.01886
tdc1_rung1_double_pair203.txt -41.72 20.34 22.34 0.47 1.7 4625147 643.07832 0.00899
tdc1_rung1_double_pair204.txt -111.04 19.1 20.81 0.292 1.3 1265316 77.28204 0.01805
tdc1_rung1_double_pair205.txt -31.66 21.67 21.42 0.318 3.26 1599120 333.53077 0.01829
tdc1_rung1_double_pair206.txt -54.99 20.82 22.62 0.656 1.65 10959484 167.37911 0.02953
tdc1_rung1_double_pair207.txt 57.72 20.37 20.87 0.738 3.08 14687418 119.06197 0.01561
tdc1_rung1_double_pair208.txt 39.93 21.31 20.83 1.972 3.49 116811153 60.30752 0.02386
tdc1_rung1_double_pair209.txt -40.56 18.95 20.94 0.328 2.44 1745515 302.24199 0.00682
tdc1_rung1_double_pair210.txt 6.04 22.23 22.14 0.808 2.64 18243416 588.28825 0.0095
tdc1_rung1_double_pair211.txt -28.54 21.16 23.3 0.472 2.41 4669898 107.98127 0.04443
tdc1_rung1_double_pair212.txt 93.93 19.59 20.89 1.164 3.58 41976137 295.83021 0.00851
tdc1_rung1_double_pair213.txt 88.01 22.21 22.89 1.444 2.21 65544739 717.10674 0.00822
tdc1_rung1_double_pair214.txt 11.66 20.46 21.23 0.672 2.02 11600473 220.78275 0.03341
tdc1_rung1_double_pair215.txt -53.45 23.12 22.33 0.974 2.49 28297294 78.29509 0.02097
tdc1_rung1_double_pair216.txt 17.68 22.89 23.06 0.37 1.56 2429641 74.97049 0.01856
tdc1_rung1_double_pair217.txt 52.25 20.77 21.89 0.446 1.52 4021386 194.70145 0.01688
tdc1_rung1_double_pair218.txt 82.96 20.05 20.7 0.75 2.26 15267718 73.69901 0.02818
tdc1_rung1_double_pair219.txt -109.51 21.24 21.57 0.638 1.74 10234060 683.58049 0.00679
tdc1_rung1_double_pair220.txt 13.26 21.48 22.15 0.632 2.63 9947828 122.49057 0.00979
tdc1_rung1_double_pair221.txt -30.01 21.34 20.46 1.064 2.55 34484922 61.98003 0.03912
tdc1_rung1_double_pair222.txt 18.36 20.15 19.98 1.166 1.94 42104439 668.24272 0.01871
tdc1_rung1_double_pair223.txt -18.27 20.51 21.47 0.712 2.3 13423298 507.43224 0.01664
tdc1_rung1_double_pair224.txt 80.79 19.94 21.33 0.848 2.18 20498984 39.95443 0.02395
tdc1_rung1_double_pair225.txt 38.63 18.83 20.31 0.46 2.26 4359243 259.56163 0.02477
tdc1_rung1_double_pair226.txt 37.15 21.75 22.4 0.768 4.9 16140579 172.83074 0.03203
tdc1_rung1_double_pair227.txt 46.64 20.94 22.66 0.834 4.35 19684771 290.56653 0.02297
tdc1_rung1_double_pair228.txt 21.19 20.99 22.21 0.322 2.47 1648586 64.69719 0.03818
tdc1_rung1_double_pair229.txt 8.63 22.43 23.16 1.4 4.68 61540556 126.19774 0.00729
tdc1_rung1_double_pair230.txt 68.23 22.97 22.7 0.44 3.11 3883920 265.46753 0.0082
tdc1_rung1_double_pair231.txt 46.39 20.54 21.89 0.648 3.32 10618932 53.00956 0.02051
tdc1_rung1_double_pair232.txt 30.34 20.47 21.11 0.474 3.51 4722110 310.694 0.00758
tdc1_rung1_double_pair233.txt 42.39 19.33 20.11 0.866 2.07 21550347 159.00051 0.03069
tdc1_rung1_double_pair234.txt 49.23 22.19 23.06 0.496 1.69 5333571 254.60144 0.01678
tdc1_rung1_double_pair235.txt -25.72 19.66 20.3 0.414 2.05 3291694 116.41728 0.01427
tdc1_rung1_double_pair236.txt -8.98 20.69 20.72 0.55 2.5 6960801 869.94445 0.00293
tdc1_rung1_double_pair237.txt -52.2 18.51 20.15 0.6 2.98 8730407 247.35293 0.00894
tdc1_rung1_double_pair238.txt 102.93 20.97 22.33 0.64 2.43 10309135 159.00051 0.03069
tdc1_rung1_double_pair239.txt -73.6 19.92 20.41 0.98 3.18 28699855 78.82427 0.0401
tdc1_rung1_double_pair240.txt -73.12 19.92 21.54 1.228 1.89 47028279 40.88533 0.01933
tdc1_rung1_double_pair241.txt -85.52 19.83 20.48 1.076 1.95 35377267 175.03389 0.00908
tdc1_rung1_double_pair242.txt 37.87 19.44 20.51 1.39 2.38 60702252 86.12753 0.03247
tdc1_rung1_double_pair243.txt -8.05 23.13 23.02 0.822 3.26 19025628 35.04604 0.07917
tdc1_rung1_double_pair244.txt 72.17 21.57 23.01 0.274 2.76 1056613 140.83081 0.04121
tdc1_rung1_double_pair245.txt 11.28 20.96 20.73 0.228 4.39 627821 44.26798 0.04422
tdc1_rung1_double_pair246.txt 31.38 20.02 20.89 0.662 1.75 11193473 32.55236 0.01918
tdc1_rung1_double_pair247.txt 109.74 19.17 20.84 0.762 1.24 15881093 500.50691 0.00424
tdc1_rung1_double_pair248.txt 13.78 20.79 20.85 0.428 1.34 3601082 347.86937 0.01002
tdc1_rung1_double_pair249.txt -66.53 22.6 22.91 1.824 3.26 101832205 64.0974 0.02636
tdc1_rung1_double_pair250.txt -76.31 22.54 23.16 0.37 2.5 2430805 745.83114 0.00379
tdc1_rung1_double_pair251.txt -22.92 22.15 23.14 0.926 2.85 25152780 633.78015 0.00352
tdc1_rung1_double_pair252.txt -12.7 22.49 23.01 0.856 2.84 20926788 376.20163 0.01001
tdc1_rung1_double_pair253.txt 97.98 20.79 20.46 0.548 2.07 6932098 533.98003 0.01949
tdc1_rung1_double_pair254.txt -44.97 21.2 21.41 0.292 1.35 1262247 270.8074 0.02263
tdc1_rung1_double_pair255.txt 30.98 20.87 23.24 0.572 2.34 7709512 37.87739 0.04131
tdc1_rung1_double_pair256.txt -63.12 20.71 20.97 1.468 2.29 67711225 238.65439 0.02823
tdc1_rung1_double_pair257.txt -86.73 22.08 22.86 1.126 2.34 39077576 135.49678 0.01917
tdc1_rung1_double_pair258.txt -36.27 21.52 22.65 0.902 3.57 23690852 142.86556 0.01148
tdc1_rung1_double_pair259.txt 19.56 21.83 23.08 0.978 1.76 28537080 56.37229 0.04021
tdc1_rung1_double_pair260.txt 30.93 22.26 23.23 0.56 2.9 7326385 295.83021 0.00851
tdc1_rung1_double_pair261.txt -7.86 23.04 23.0 0.708 3.02 13209241 34.08501 0.04126
tdc1_rung1_double_pair262.txt 85.09 19.31 20.66 0.84 1.59 20067887 600.63996 0.00353
tdc1_rung1_double_pair263.txt -79.92 18.96 21.15 0.436 2.28 3789751 49.12642 0.01714
tdc1_rung1_double_pair264.txt 91.46 21.88 22.78 0.832 2.48 19607736 979.53933 0.00492
tdc1_rung1_double_pair265.txt 53.09 22.59 22.72 1.024 2.47 31692320 79.59465 0.01133
tdc1_rung1_double_pair266.txt -38.04 21.29 23.24 0.886 2.94 22722938 145.69362 0.01862
tdc1_rung1_double_pair267.txt 9.81 18.9 20.72 0.248 2.67 796927 93.14916 0.01024
tdc1_rung1_double_pair268.txt -96.61 21.29 22.96 0.51 1.28 5736682 57.97845 0.0291
tdc1_rung1_double_pair269.txt -27.97 22.03 23.28 1.034 2.48 32336104 87.44842 0.04736
tdc1_rung1_double_pair270.txt -88.81 19.53 21.87 0.146 2.13 175397 879.66457 0.0101
tdc1_rung1_double_pair271.txt -47.36 21.34 23.09 0.798 4.38 17732836 730.23515 0.00885
tdc1_rung1_double_pair272.txt -66.41 20.46 20.39 0.64 1.26 10296381 187.85366 0.00905
tdc1_rung1_double_pair273.txt -42.13 21.28 22.34 0.468 3.56 4565923 302.24199 0.00682
tdc1_rung1_double_pair274.txt 114.4 20.1 21.47 1.096 2.39 36839066 577.7262 0.00668
tdc1_rung1_double_pair275.txt 7.42 20.28 21.37 0.314 2.57 1537990 917.67322 0.00295
tdc1_rung1_double_pair276.txt -45.19 19.99 21.11 0.814 2.56 18613595 35.5793 0.02168
tdc1_rung1_double_pair277.txt 35.54 19.2 20.28 0.636 1.42 10131191 979.53933 0.00492
tdc1_rung1_double_pair278.txt -45.41 23.09 22.38 0.72 2.73 13817586 491.80603 0.00601
tdc1_rung1_double_pair279.txt -56.4 19.85 21.71 0.222 3.8 582846 52.16588 0.05295
tdc1_rung1_double_pair280.txt 10.33 23.05 22.53 0.444 1.64 3973574 519.13955 0.00384
tdc1_rung1_double_pair281.txt -23.09 18.48 20.67 0.808 1.33 18261524 391.20038 0.02412
tdc1_rung1_double_pair282.txt 108.82 21.36 22.78 1.826 3.54 102073841 884.65061 0.00473
tdc1_rung1_double_pair283.txt -71.41 21.06 23.15 0.85 3.53 20628342 609.45089 0.01059
tdc1_rung1_double_pair284.txt -118.48 19.98 22.0 0.566 2.7 7531472 382.09988 0.00882
tdc1_rung1_double_pair285.txt 46.29 23.03 22.76 0.25 2.01 819592 112.50146 0.02206
tdc1_rung1_double_pair286.txt -14.61 19.62 20.76 0.61 1.73 9090931 194.70753 0.01124
tdc1_rung1_double_pair287.txt -11.48 21.35 21.92 0.572 1.31 7709450 81.99059 0.01211
tdc1_rung1_double_pair288.txt -42.51 22.84 23.2 0.53 2.3 6346605 841.12126 0.00861
tdc1_rung1_double_pair289.txt -15.68 20.14 21.84 0.498 2.58 5372711 82.26192 0.02468
tdc1_rung1_double_pair290.txt 98.21 23.27 21.37 0.364 1.31 2318041 180.25764 0.00624
tdc1_rung1_double_pair291.txt -40.79 21.15 21.24 0.44 1.64 3878964 543.50327 0.01019
tdc1_rung1_double_pair292.txt -18.44 21.38 22.61 0.252 2.0 832147 118.20592 0.00809
tdc1_rung1_double_pair293.txt 49.6 19.96 22.09 0.566 0.75 7535787 351.04022 0.0146
tdc1_rung1_double_pair294.txt 21.52 21.44 22.05 0.9 3.18 23544871 755.84682 0.00413
tdc1_rung1_double_pair295.txt -65.28 19.51 20.14 1.22 2.78 46390769 466.97036 0.00546
tdc1_rung1_double_pair296.txt 41.49 22.18 23.22 1.536 3.43 73921014 668.24272 0.01871
tdc1_rung1_double_pair297.txt -33.51 19.32 20.59 1.264 2.94 49955121 385.05966 0.01552
tdc1_rung1_double_pair298.txt 43.21 19.96 21.83 1.386 2.66 60349310 42.73937 0.01814
tdc1_rung1_double_pair299.txt 31.79 23.21 23.24 1.042 2.28 32921019 48.8385 0.02069
tdc1_rung1_double_pair300.txt 7.54 22.18 22.91 0.704 2.83 13035770 136.39542 0.00751
tdc1_rung1_double_pair301.txt 14.46 22.69 23.14 1.054 4.04 33721267 68.04887 0.04836
tdc1_rung1_double_pair302.txt 50.58 22.5 23.15 1.24 2.63 48015150 983.95279 0.00696
tdc1_rung1_double_pair303.txt 34.65 21.42 22.21 0.952 2.6 26837088 840.77194 0.00768
tdc1_rung1_double_pair304.txt -76.18 19.75 20.36 0.594 2.28 8523991 789.81271 0.00417
tdc1_rung1_double_pair305.txt -13.29 22.6 23.27 0.846 5.03 20346322 150.26899 0.02382
tdc1_rung1_double_pair306.txt -10.13 20.62 20.56 0.654 1.82 10873552 470.71242 0.00445
tdc1_rung1_double_pair307.txt -21.15 21.25 23.22 0.228 2.37 626194 817.18322 0.004
tdc1_rung1_double_pair308.txt -42.56 19.92 20.67 0.51 2.62 5730972 177.96481 0.01768
tdc1_rung1_double_pair309.txt -31.76 20.59 20.68 1.82 3.19 101399987 841.12126 0.00861
tdc1_rung1_double_pair310.txt -9.26 20.39 21.05 0.692 2.26 12478233 60.78817 0.0172
tdc1_rung1_double_pair311.txt -53.56 22.2 23.03 0.714 2.16 13521525 560.95596 0.01144
tdc1_rung1_double_pair312.txt -94.41 22.56 23.16 0.564 4.73 7465447 260.86629 0.01033
tdc1_rung1_double_pair313.txt -13.49 20.71 19.3 1.146 2.14 40558964 745.83114 0.00379
tdc1_rung1_double_pair314.txt -13.55 22.71 22.94 1.062 2.54 34301141 57.06521 0.02968
tdc1_rung1_double_pair315.txt -40.65 22.56 23.1 1.064 3.69 34448558 39.50575 0.01792
tdc1_rung1_double_pair316.txt -27.55 18.72 20.69 0.914 1.45 24448209 376.20163 0.01001
tdc1_rung1_double_pair317.txt 63.92 18.43 20.15 0.976 2.3 28439375 264.76756 0.01331
tdc1_rung1_double_pair318.txt 42.05 20.85 23.06 0.56 2.72 7311858 33.94542 0.04198
tdc1_rung1_double_pair319.txt 76.26 22.11 22.47 0.986 2.03 29106892 501.71637 0.00851
tdc1_rung1_double_pair320.txt -13.69 22.58 22.58 0.918 3.53 24643175 290.50593 0.02137
tdc1_rung1_double_pair321.txt -23.89 21.12 22.5 1.046 2.48 33190963 305.22266 0.01011
tdc1_rung1_double_pair322.txt -54.71 20.37 22.56 0.262 1.37 931055 162.38662 0.01389
tdc1_rung1_double_pair323.txt 100.51 22.01 22.92 1.674 3.4 87050389 290.87942 0.00958
tdc1_rung1_double_pair324.txt -11.88 19.65 21.0 0.51 2.42 5718982 488.87863 0.00415
tdc1_rung1_double_pair325.txt 26.12 21.58 22.05 0.996 2.96 29729386 903.35852 0.01374
tdc1_rung1_double_pair326.txt 45.14 20.56 21.46 1.03 1.6 32109921 97.87454 0.01097
tdc1_rung1_double_pair327.txt 38.68 19.96 20.85 0.206 1.67 470094 691.33169 0.00915
tdc1_rung1_double_pair328.txt -51.36 20.35 21.87 0.908 2.51 24066088 50.39801 0.02093
tdc1_rung1_double_pair329.txt -87.37 22.54 23.04 0.564 3.09 7468245 132.28985 0.03916
tdc1_rung1_double_pair330.txt 32.78 21.72 23.06 0.32 1.35 1628215 589.40592 0.00369
tdc1_rung1_double_pair331.txt -26.04 20.52 22.16 0.46 1.54 4360851 195.9597 0.01483
tdc1_rung1_double_pair332.txt -73.42 20.08 20.81 1.238 2.02 47857189 35.04604 0.07917
tdc1_rung1_double_pair333.txt 37.21 22.56 23.24 0.488 2.13 5108625 573.18993 0.01241
tdc1_rung1_double_pair334.txt 58.64 21.14 23.1 0.85 2.91 20613539 44.26798 0.04422
tdc1_rung1_double_pair335.txt 99.77 22.31 23.03 1.04 1.5 32812566 828.05227 0.00649
tdc1_rung1_double_pair336.txt 58.61 21.65 21.44 0.542 2.81 6728203 480.58865 0.01806
tdc1_rung1_double_pair337.txt 18.67 21.91 22.12 0.742 2.16 14844968 38.24944 0.04587
tdc1_rung1_double_pair338.txt 41.9 21.67 21.71 0.42 1.38 3425567 80.67596 0.0105
tdc1_rung1_double_pair339.txt -55.69 19.26 21.18 1.066 2.68 34627223 131.38447 0.03511
tdc1_rung1_double_pair340.txt -36.19 20.78 19.6 0.88 2.28 22389517 45.67374 0.01781
tdc1_rung1_double_pair341.txt 116.88 21.12 21.83 0.83 1.24 19509319 156.08559 0.02989
tdc1_rung1_double_pair342.txt 25.46 21.47 22.36 0.514 1.69 5840361 46.36084 0.01664
tdc1_rung1_double_pair343.txt -15.59 21.58 21.54 0.538 2.8 6587356 131.04008 0.02202
tdc1_rung1_double_pair344.txt 18.25 21.42 20.98 0.326 1.27 1713568 113.94569 0.01599
tdc1_rung1_double_pair345.txt -74.56 20.43 20.89 1.234 2.06 47528987 734.66277 0.00324
tdc1_rung1_double_pair346.txt 35.3 21.8 22.82 0.994 1.46 29604685 595.90727 0.01698
tdc1_rung1_double_pair347.txt 14.71 21.98 21.94 0.816 2.35 18701289 548.79348 0.01596
tdc1_rung1_double_pair348.txt 92.17 19.02 20.36 0.576 1.86 7880125 157.39622 0.03058
tdc1_rung1_double_pair349.txt -103.09 22.89 23.28 0.61 1.21 9128864 31.63449 0.0427
tdc1_rung1_double_pair350.txt -5.65 21.98 22.38 0.404 2.69 3053107 393.88787 0.00539
tdc1_rung1_double_pair351.txt 11.27 20.84 21.58 1.358 3.14 57876792 345.02183 0.01017
tdc1_rung1_double_pair352.txt 118.08 21.42 23.13 0.498 2.83 5396774 113.94569 0.01599
tdc1_rung1_double_pair353.txt -57.53 20.3 21.43 0.236 1.54 695190 369.9817 0.00672
tdc1_rung1_double_pair354.txt 56.2 22.87 23.28 0.558 2.63 7248264 708.33634 0.00426
tdc1_rung1_double_pair355.txt 13.87 21.39 21.4 0.62 2.89 9484018 497.40148 0.00602
tdc1_rung1_double_pair356.txt 84.92 22.9 23.28 0.496 3.06 5336283 174.88744 0.02495
tdc1_rung1_double_pair357.txt 52.62 18.9 20.52 1.828 2.22 102247574 106.51844 0.03356
tdc1_rung1_double_pair358.txt 47.26 20.67 20.68 1.768 2.39 96261023 341.98889 0.01357
tdc1_rung1_double_pair359.txt -91.27 21.84 23.15 0.844 3.21 20296395 58.48972 0.01886
tdc1_rung1_double_pair360.txt -7.92 21.4 21.29 0.084 1.89 34331 971.62754 0.00269
tdc1_rung1_double_pair361.txt 44.37 22.73 23.07 1.79 2.98 98416650 275.74003 0.02556
tdc1_rung1_double_pair362.txt -8.2 21.48 23.25 0.34 1.18 1908913 235.73714 0.00639
tdc1_rung1_double_pair363.txt -21.83 21.52 22.76 0.922 3.66 24890011 97.3592 0.0358
tdc1_rung1_double_pair364.txt -39.3 21.98 23.06 1.128 2.22 39210778 233.99551 0.03017
tdc1_rung1_double_pair365.txt -63.96 22.77 23.07 0.834 2.45 19701024 34.32065 0.08395
tdc1_rung1_double_pair366.txt 24.14 20.16 20.48 0.166 1.7 254175 518.46427 0.01604
tdc1_rung1_double_pair367.txt -77.37 19.87 21.51 0.724 1.15 14014515 83.96736 0.01099
tdc1_rung1_double_pair368.txt -13.85 20.14 20.43 1.014 1.82 30969116 548.99785 0.00532
tdc1_rung1_double_pair369.txt -26.86 20.74 22.94 0.742 1.16 14872262 369.20591 0.00881
tdc1_rung1_double_pair370.txt -34.54 19.27 20.71 0.77 2.87 16255238 107.23794 0.01543
tdc1_rung1_double_pair371.txt 104.22 19.6 20.48 1.168 3.61 42276315 485.5498 0.02137
tdc1_rung1_double_pair372.txt -53.96 21.41 22.98 1.518 3.06 72249948 148.74456 0.03188
tdc1_rung1_double_pair373.txt -34.46 21.03 21.37 0.772 2.54 16386429 34.32065 0.08395
tdc1_rung1_double_pair374.txt -26.53 20.54 21.53 0.666 2.08 11377781 76.32394 0.01447
tdc1_rung1_double_pair375.txt -55.81 21.79 21.3 1.156 2.37 41365439 397.46114 0.01087
tdc1_rung1_double_pair376.txt -28.16 20.54 21.81 0.456 1.76 4267700 50.92916 0.02824
tdc1_rung1_double_pair377.txt -19.63 21.22 22.99 1.214 2.88 45848674 530.4603 0.01639
tdc1_rung1_double_pair378.txt 39.16 21.77 22.28 1.55 3.08 75219046 835.68567 0.00351
tdc1_rung1_double_pair379.txt -64.61 22.09 23.03 1.118 1.71 38462288 548.99785 0.00532
tdc1_rung1_double_pair380.txt -94.59 20.52 22.15 0.84 2.2 20064043 178.00282 0.01218
tdc1_rung1_double_pair381.txt 43.75 19.63 20.81 0.536 1.86 6534346 37.87739 0.04131
tdc1_rung1_double_pair382.txt 11.15 20.61 20.93 1.586 4.68 78575134 275.74003 0.02556
tdc1_rung1_double_pair383.txt 37.54 19.78 20.89 0.936 2.53 25802284 45.81254 0.05339
tdc1_rung1_double_pair384.txt -20.01 21.3 20.93 1.494 3.13 70079718 50.78152 0.03527
tdc1_rung1_double_pair385.txt 99.38 20.58 22.53 1.012 3.53 30851854 52.87079 0.06099
tdc1_rung1_double_pair386.txt 117.69 20.87 20.96 0.878 2.71 22268233 420.10704 0.01156
tdc1_rung1_double_pair387.txt 102.42 21.78 23.22 0.43 2.1 3652630 82.96789 0.01704
tdc1_rung1_double_pair388.txt 16.23 21.69 20.84 0.696 2.78 12680697 159.86299 0.00978
tdc1_rung1_double_pair389.txt 12.25 18.64 20.61 0.458 1.36 4296186 573.18993 0.01241
tdc1_rung1_double_pair390.txt 91.04 19.17 20.65 1.256 2.65 49329230 333.83708 0.00918
tdc1_rung1_double_pair391.txt 41.84 21.81 23.03 0.166 1.48 253118 225.21185 0.00883
tdc1_rung1_double_pair392.txt 23.39 19.68 20.96 0.912 1.93 24288667 132.75321 0.02923
tdc1_rung1_double_pair393.txt -25.51 20.79 21.4 2.094 4.99 129368994 74.78897 0.01573
tdc1_rung1_double_pair394.txt 31.52 21.58 20.02 0.54 1.76 6663880 689.9982 0.00511
tdc1_rung1_double_pair395.txt -19.26 20.95 21.01 0.452 2.05 4157986 36.37725 0.01421
tdc1_rung1_double_pair396.txt -41.65 20.17 21.39 0.662 1.71 11205969 500.69286 0.00776
tdc1_rung1_double_pair397.txt -15.63 21.16 21.57 0.324 1.18 1688059 225.12584 0.0054
tdc1_rung1_double_pair398.txt 5.86 20.23 20.28 0.35 0.55 2080519 48.8385 0.02069
tdc1_rung1_double_pair399.txt 91.59 22.06 22.35 1.256 2.07 49324905 34.28175 0.05409
tdc1_rung1_double_pair400.txt -65.3 20.99 22.06 0.634 2.07 10070500 118.58344 0.01927
tdc1_rung1_double_pair401.txt -58.53 21.31 23.29 0.62 1.57 9507660 130.84803 0.03732
tdc1_rung1_double_pair402.txt -69.38 19.42 21.61 1.184 1.97 43533243 50.37067 0.04537
tdc1_rung1_double_pair403.txt 52.55 20.41 21.66 0.682 2.26 12081303 334.07372 0.0239
tdc1_rung1_double_pair404.txt -28.3 20.71 23.11 0.812 1.78 18475875 107.23794 0.01543
tdc1_rung1_double_pair405.txt -112.69 18.28 20.53 1.24 2.1 48025025 97.3592 0.0358
tdc1_rung1_double_pair406.txt -18.86 21.77 22.64 0.716 1.57 13573256 331.9623 0.00706
tdc1_rung1_double_pair407.txt 29.91 20.98 22.05 0.654 4.28 10863037 815.20115 0.01489
tdc1_rung1_double_pair408.txt -15.72 19.81 21.18 0.864 3.25 21364003 159.94551 0.02171
tdc1_rung1_double_pair409.txt -42.06 22.62 22.53 1.154 1.98 41185054 952.99764 0.01059
tdc1_rung1_double_pair410.txt -21.2 19.8 21.94 0.082 1.48 32444 63.36309 0.0581
tdc1_rung1_double_pair411.txt -26.7 22.32 23.19 1.27 1.79 50469384 116.41728 0.01427
tdc1_rung1_double_pair412.txt -82.47 22.24 23.02 0.466 2.94 4528371 175.03389 0.00908
tdc1_rung1_double_pair413.txt 44.13 22.99 23.29 0.518 1.56 5974486 62.18598 0.02382
tdc1_rung1_double_pair414.txt -73.52 19.47 20.35 0.312 1.6 1520229 93.19644 0.02102
tdc1_rung1_double_pair415.txt -17.89 23.25 22.91 0.544 4.22 6775719 345.98879 0.00482
tdc1_rung1_double_pair416.txt 37.48 21.97 23.27 0.386 1.16 2725287 264.76756 0.01331
tdc1_rung1_double_pair417.txt 12.82 21.46 23.29 0.344 2.57 1976304 680.19367 0.01526
tdc1_rung1_double_pair418.txt -72.63 19.25 20.55 0.82 1.94 18954988 855.26776 0.01225
tdc1_rung1_double_pair419.txt -35.44 23.26 22.92 0.604 1.92 8893993 78.82427 0.0401
tdc1_rung1_double_pair420.txt -7.6 21.86 23.27 0.072 1.19 21703 132.17146 0.03138
tdc1_rung1_double_pair421.txt 71.73 21.46 23.28 1.154 2.86 41214403 600.63996 0.00353
tdc1_rung1_double_pair422.txt 42.85 21.84 22.95 0.664 2.07 11301365 375.87859 0.01029
tdc1_rung1_double_pair423.txt -15.07 21.14 21.56 0.302 0.66 1382130 127.38661 0.03537
tdc1_rung1_double_pair424.txt 21.27 22.92 23.18 0.684 4.23 12139772 111.36159 0.01132
tdc1_rung1_double_pair425.txt 15.98 22.04 23.16 0.364 2.09 2306924 341.98889 0.01357
tdc1_rung1_double_pair426.txt -98.5 19.65 20.53 0.496 2.62 5342194 780.28961 0.01122
tdc1_rung1_double_pair427.txt 61.52 19.65 21.66 0.862 2.44 21313423 35.95159 0.01584
tdc1_rung1_double_pair428.txt 76.66 19.21 20.99 1.096 2.14 36836789 483.13453 0.01119
tdc1_rung1_double_pair429.txt 33.1 22.19 23.15 0.502 3.44 5506817 393.29383 0.0118
tdc1_rung1_double_pair430.txt 41.88 20.57 19.28 0.686 3.69 12256139 180.25764 0.00624
tdc1_rung1_double_pair431.txt -63.0 20.02 21.55 1.216 2.64 46040784 498.62332 0.01124
tdc1_rung1_double_pair432.txt 21.59 22.42 23.28 0.35 3.42 2074187 395.56307 0.02257
tdc1_rung1_double_pair433.txt 13.15 20.77 21.89 1.18 4.18 43161680 68.04887 0.04836
tdc1_rung1_double_pair434.txt 12.4 20.03 20.91 0.474 2.7 4725193 69.16121 0.04918
tdc1_rung1_double_pair435.txt -41.01 19.61 20.89 0.682 1.27 12074916 132.28985 0.03916
tdc1_rung1_double_pair436.txt 43.75 21.48 21.08 1.242 3.62 48156603 331.5565 0.01139
tdc1_rung1_double_pair437.txt -52.76 19.96 20.56 0.95 2.69 26714765 817.18322 0.004
tdc1_rung1_double_pair438.txt -10.58 22.68 23.03 0.72 2.03 13795863 434.36823 0.01086
tdc1_rung1_double_pair439.txt -38.89 20.25 21.34 1.022 2.26 31515336 56.67209 0.04422
tdc1_rung1_double_pair440.txt 13.43 23.09 23.1 1.066 1.97 34642956 33.31565 0.02732
tdc1_rung1_double_pair441.txt -20.74 22.82 22.83 1.28 2.09 51281593 49.58007 0.01504
tdc1_rung1_double_pair442.txt 10.34 19.42 20.65 1.19 2.09 43979024 368.70067 0.01185
tdc1_rung1_double_pair443.txt 58.83 21.2 21.68 0.394 2.45 2885108 124.37935 0.02066
tdc1_rung1_double_pair444.txt 68.84 22.54 23.02 1.0 3.58 30032549 51.81047 0.02927
tdc1_rung1_double_pair445.txt -55.06 19.18 20.54 0.532 2.2 6412163 75.61802 0.01593
tdc1_rung1_double_pair446.txt -27.55 22.48 21.87 1.24 4.13 47977879 39.24239 0.03453
tdc1_rung1_double_pair447.txt -31.08 20.61 20.84 1.446 2.32 65683533 381.32308 0.00856
tdc1_rung1_double_pair448.txt 12.16 20.95 21.76 0.194 1.75 394666 140.83081 0.04121
tdc1_rung1_double_pair449.txt 76.24 21.96 22.91 1.154 3.98 41216885 48.89147 0.0233
tdc1_rung1_double_pair450.txt -113.44 20.22 21.85 0.57 0.87 7675443 359.11792 0.00896
tdc1_rung1_double_pair451.txt -13.06 22.05 22.74 1.408 5.06 62213182 538.19041 0.01175
tdc1_rung1_double_pair452.txt 40.13 22.24 23.28 1.212 2.45 45709296 368.70067 0.01185
tdc1_rung1_double_pair453.txt 61.37 20.62 23.12 0.694 2.4 12616322 299.41784 0.00787
tdc1_rung1_double_pair454.txt -16.05 20.86 21.7 0.204 1.42 456098 94.28275 0.01944
tdc1_rung1_double_pair455.txt 119.0 20.02 21.31 0.65 1.92 10722580 220.09035 0.00861
tdc1_rung1_double_pair456.txt -65.55 19.76 20.95 0.488 3.07 5114854 94.02511 0.01515
tdc1_rung1_double_pair457.txt 99.62 20.52 21.8 0.224 1.16 599751 174.78464 0.01788
tdc1_rung1_double_pair458.txt -99.69 20.52 21.89 0.522 1.73 6109658 333.63066 0.00448
tdc1_rung1_double_pair459.txt 61.03 20.36 20.64 0.942 2.58 26205593 680.19367 0.01526
tdc1_rung1_double_pair460.txt -32.41 21.17 21.76 0.636 2.02 10129185 182.38571 0.01278
tdc1_rung1_double_pair461.txt 97.28 21.34 22.81 0.406 2.55 3131030 311.19394 0.00646
tdc1_rung1_double_pair462.txt 30.48 22.16 22.89 0.83 2.51 19471264 420.10704 0.01156
tdc1_rung1_double_pair463.txt 16.52 22.76 22.85 0.424 1.81 3508975 66.59809 0.01232
tdc1_rung1_double_pair464.txt -49.76 19.59 21.82 0.254 0.49 852523 60.85387 0.02495
tdc1_rung1_double_pair465.txt -82.94 19.01 20.53 0.888 1.6 22873620 491.80603 0.00601
tdc1_rung1_double_pair466.txt 55.66 19.92 20.72 1.774 3.27 96870525 828.05227 0.00649
tdc1_rung1_double_pair467.txt 89.26 23.25 22.59 1.196 2.77 44478273 198.23249 0.01191
tdc1_rung1_double_pair468.txt 8.28 20.46 22.13 0.524 3.36 6129543 885.05732 0.00887
tdc1_rung1_double_pair469.txt 29.77 18.47 20.36 0.146 1.99 176372 62.7965 0.01317
tdc1_rung1_double_pair470.txt 53.19 21.58 22.5 1.052 2.16 33640125 107.29893 0.04499
tdc1_rung1_double_pair471.txt 66.23 20.6 22.03 0.27 4.13 1015671 88.72695 0.05211
tdc1_rung1_double_pair472.txt -25.11 20.44 22.32 1.12 4.07 38543314 66.14515 0.01066
tdc1_rung1_double_pair473.txt -45.02 20.43 20.61 0.734 1.93 14479421 602.50499 0.00438
tdc1_rung1_double_pair474.txt -31.55 22.03 22.01 0.632 2.81 9962561 922.36099 0.00462
tdc1_rung1_double_pair475.txt -91.52 20.34 21.87 1.39 2.24 60728291 62.32131 0.01213
tdc1_rung1_double_pair476.txt -17.45 21.85 22.39 0.728 3.19 14163043 190.34784 0.0298
tdc1_rung1_double_pair477.txt 87.21 19.89 22.04 0.864 2.54 21453048 679.02458 0.0066
tdc1_rung1_double_pair478.txt 41.2 22.64 22.93 0.328 1.21 1740696 224.69197 0.00892
tdc1_rung1_double_pair479.txt -70.89 21.56 22.64 0.654 3.0 10879293 273.0681 0.01511
tdc1_rung1_double_pair480.txt 104.09 22.35 23.19 0.694 2.74 12620177 592.79171 0.0033
tdc1_rung1_double_pair481.txt 17.87 22.36 23.24 0.45 1.62 4111026 963.37531 0.00948
tdc1_rung1_double_pair482.txt -20.0 19.74 21.03 1.16 2.17 41616222 560.95596 0.01144
tdc1_rung1_double_pair483.txt 72.9 22.82 23.25 0.778 2.47 16695192 347.86937 0.01002
tdc1_rung1_double_pair484.txt 15.94 20.74 20.87 0.556 1.59 7172392 34.69556 0.06193
tdc1_rung1_double_pair485.txt 97.19 17.97 20.07 0.778 1.67 16700690 224.69197 0.00892
tdc1_rung1_double_pair486.txt 79.07 21.64 23.21 0.978 2.87 28559244 93.14916 0.01024
tdc1_rung1_double_pair487.txt -33.82 21.01 21.79 0.46 1.35 4365918 161.32291 0.02323
tdc1_rung1_double_pair488.txt 43.99 20.34 21.91 1.038 2.86 32643291 76.40426 0.0318
tdc1_rung1_double_pair489.txt 106.6 21.65 23.15 1.184 3.51 43542988 73.69901 0.02818
tdc1_rung1_double_pair490.txt -119.53 19.55 20.98 1.248 2.5 48655194 34.08501 0.04126
tdc1_rung1_double_pair491.txt 16.65 20.17 20.8 0.668 2.82 11422164 33.94542 0.04198
tdc1_rung1_double_pair492.txt 28.24 20.86 22.89 0.648 1.14 10625005 32.55236 0.01918
tdc1_rung1_double_pair493.txt 50.13 20.6 21.63 0.606 2.27 8962890 137.21628 0.00683
tdc1_rung1_double_pair494.txt -11.76 20.91 22.64 0.52 3.16 6008056 51.58375 0.06462
tdc1_rung1_double_pair495.txt 40.31 21.19 20.93 0.6 2.47 8747068 109.3798 0.00913
tdc1_rung1_double_pair496.txt -27.9 20.92 21.3 0.77 1.95 16259272 118.10024 0.01864
tdc1_rung1_double_pair497.txt -27.92 21.92 23.26 0.532 2.42 6405321 54.20731 0.04609
tdc1_rung1_double_pair498.txt 47.06 21.82 22.32 1.368 3.34 58815430 370.88263 0.00837
tdc1_rung1_double_pair499.txt -95.15 19.26 20.2 0.92 2.26 24836761 186.127 0.00705
tdc1_rung1_double_pair500.txt -51.9 22.94 22.46 0.674 3.67 11724845 99.0767 0.04665
tdc1_rung1_double_pair501.txt 50.25 20.4 20.95 0.806 2.78 18176594 290.87942 0.00958
tdc1_rung1_double_pair502.txt -108.85 21.51 22.56 1.472 1.72 68097021 391.20038 0.02412
tdc1_rung1_double_pair503.txt 11.63 20.68 21.46 0.57 1.25 7642074 382.03113 0.01321
tdc1_rung1_double_pair504.txt 11.56 22.69 22.77 0.736 3.26 14552905 107.34108 0.03096
tdc1_rung1_double_pair505.txt 10.27 20.36 20.69 0.898 2.72 23409700 58.33856 0.04248
tdc1_rung1_double_pair506.txt 22.38 22.44 23.11 0.686 2.7 12239648 366.66096 0.01134
tdc1_rung1_double_pair507.txt 81.14 19.9 21.03 0.342 2.66 1958341 459.4474 0.0042
tdc1_rung1_double_pair508.txt -37.52 20.91 21.75 0.522 3.15 6084062 831.65811 0.01225
tdc1_rung1_double_pair509.txt 21.27 20.64 20.99 0.372 3.73 2451907 604.81193 0.01632
tdc1_rung1_double_pair510.txt 116.94 20.09 21.56 0.57 1.76 7673923 36.42937 0.01654
tdc1_rung1_double_pair511.txt 25.16 20.49 21.63 0.23 2.14 641127 88.67656 0.02137
tdc1_rung1_double_pair512.txt 76.66 21.3 22.66 1.514 5.31 71881869 227.13148 0.01918
tdc1_rung1_double_pair513.txt 50.58 21.82 22.26 0.718 1.86 13714346 169.5819 0.0125
tdc1_rung1_double_pair514.txt 41.7 20.86 21.99 0.764 2.22 15994766 439.63844 0.01947
tdc1_rung1_double_pair515.txt 97.53 20.88 21.94 0.542 3.93 6732902 254.14758 0.019
tdc1_rung1_double_pair516.txt -97.22 21.23 23.13 1.316 1.95 54335513 77.28204 0.01805
tdc1_rung1_double_pair517.txt -17.02 22.97 22.5 0.45 1.63 4118107 94.31121 0.01152
tdc1_rung1_double_pair518.txt -28.69 20.88 23.12 0.834 2.12 19685180 339.9333 0.0242
tdc1_rung1_double_pair519.txt 98.0 22.3 23.05 0.966 3.26 27752283 911.68534 0.00749
tdc1_rung1_double_pair520.txt 6.45 19.02 20.36 0.08 2.43 29765 858.32086 0.0106
tdc1_rung1_double_pair521.txt 111.46 20.26 22.32 0.922 3.04 24940676 518.46427 0.01604
tdc1_rung1_double_pair522.txt -26.48 22.88 23.12 1.156 2.28 41325463 44.0507 0.01313
tdc1_rung1_double_pair523.txt 7.61 20.26 20.8 0.48 3.0 4867525 703.31674 0.01316
tdc1_rung1_double_pair524.txt 56.59 21.62 22.96 0.728 4.41 14204145 691.05658 0.00502
tdc1_rung1_double_pair525.txt -112.98 20.04 21.72 1.632 3.05 83004686 351.30343 0.01052
tdc1_rung1_double_pair526.txt -91.89 19.67 20.79 0.678 1.81 11903900 609.45089 0.01059
tdc1_rung1_double_pair527.txt -71.18 19.52 20.02 0.942 2.05 26201840 107.98127 0.04443
tdc1_rung1_double_pair528.txt -84.11 20.01 20.8 0.39 3.09 2798982 36.64991 0.02272
tdc1_rung1_double_pair529.txt 45.34 22.02 22.75 0.776 2.65 16579611 254.5195 0.01062
tdc1_rung1_double_pair530.txt -98.75 21.64 22.74 0.498 2.08 5393243 433.85322 0.02372
tdc1_rung1_double_pair531.txt 114.67 21.08 22.17 1.466 3.26 67507483 626.51482 0.00797
tdc1_rung1_double_pair532.txt -73.4 20.87 22.58 0.77 2.85 16270052 275.67727 0.02212
tdc1_rung1_double_pair533.txt 86.85 23.15 23.23 1.17 3.01 42448684 40.57325 0.0393
tdc1_rung1_double_pair534.txt 36.93 19.35 20.5 0.588 2.03 8302939 144.36666 0.03087
tdc1_rung1_double_pair535.txt 108.91 19.75 20.34 0.464 2.45 4473624 33.31565 0.02732
tdc1_rung1_double_pair536.txt 12.14 21.65 23.07 0.686 3.14 12200865 483.13453 0.01119
tdc1_rung1_double_pair537.txt -48.49 22.1 23.18 1.376 2.77 59457816 171.51835 0.02067
tdc1_rung1_double_pair538.txt -96.8 21.29 20.87 0.482 2.69 4951665 629.4663 0.0037
tdc1_rung1_double_pair539.txt 105.86 20.7 19.17 0.524 3.05 6170242 450.00867 0.00482
tdc1_rung1_double_pair540.txt -20.02 20.85 20.89 0.356 2.87 2183896 37.83871 0.01673
tdc1_rung1_double_pair541.txt -46.24 22.85 23.12 0.482 2.18 4945255 466.97036 0.00546
tdc1_rung1_double_pair542.txt -28.02 20.37 22.66 0.32 1.15 1625075 207.85759 0.00999
tdc1_rung1_double_pair543.txt -14.76 21.65 23.19 0.666 2.7 11358711 734.66277 0.00324
tdc1_rung1_double_pair544.txt 38.33 20.26 21.24 0.9 2.95 23580184 235.29888 0.00901
tdc1_rung1_double_pair545.txt 62.59 20.84 20.54 1.74 2.79 93485570 75.6378 0.02609
tdc1_rung1_double_pair546.txt 46.7 20.34 19.55 1.208 2.84 45424495 59.68679 0.02627
tdc1_rung1_double_pair547.txt -88.26 20.85 20.9 1.392 2.98 60862861 145.69362 0.01862
tdc1_rung1_double_pair548.txt -19.64 20.27 22.3 0.448 1.18 4057176 406.05413 0.00583
tdc1_rung1_double_pair549.txt 57.17 22.31 23.21 0.444 0.74 3980595 576.75815 0.00385
tdc1_rung1_double_pair550.txt 25.21 21.34 23.03 0.546 1.06 6845421 78.20988 0.03505
tdc1_rung1_double_pair551.txt 27.83 22.87 22.74 1.046 3.48 33159858 312.10143 0.02371
tdc1_rung1_double_pair552.txt 20.93 19.23 20.97 0.344 2.44 1984354 67.36357 0.0176
tdc1_rung1_double_pair553.txt -92.46 21.3 23.08 1.006 2.27 30447871 53.1221 0.01756
tdc1_rung1_double_pair554.txt -17.5 20.57 23.03 0.376 2.2 2519154 735.60698 0.0119
tdc1_rung1_double_pair555.txt -97.75 23.29 23.18 1.092 5.41 36548558 56.44342 0.01294
tdc1_rung1_double_pair556.txt -11.27 20.5 22.22 0.72 3.3 13766139 113.69356 0.01813
tdc1_rung1_double_pair557.txt 104.16 20.9 23.24 2.38 3.55 159391690 118.17433 0.04474
tdc1_rung1_double_pair558.txt 69.82 20.2 21.91 0.774 2.97 16488966 273.75744 0.02146
tdc1_rung1_double_pair559.txt -79.1 20.83 21.76 1.128 2.24 39229159 491.24881 0.01449
tdc1_rung1_double_pair560.txt -60.61 21.64 22.3 0.814 3.02 18627327 141.74953 0.01196
tdc1_rung1_double_pair561.txt 10.92 19.1 20.11 0.296 1.49 1305955 366.66096 0.01134
tdc1_rung1_double_pair562.txt -86.0 19.66 21.57 1.762 3.14 95678306 169.39734 0.0098
tdc1_rung1_double_pair563.txt 52.41 20.82 20.93 1.73 3.35 92481684 666.73257 0.00689
tdc1_rung1_double_pair564.txt 18.18 20.3 19.92 2.268 3.69 147582782 40.57325 0.0393
tdc1_rung1_double_pair565.txt 45.14 20.45 19.85 0.73 2.93 14295875 166.2434 0.00767
tdc1_rung1_double_pair566.txt 78.03 19.37 20.72 0.902 1.98 23711258 82.96789 0.01704
tdc1_rung1_double_pair567.txt -18.43 20.8 21.68 0.306 1.97 1436062 134.66531 0.03582
tdc1_rung1_double_pair568.txt -39.44 22.36 23.04 0.972 1.95 28164645 36.37725 0.01421
tdc1_rung1_double_pair569.txt -21.06 22.13 22.75 1.298 5.2 52777821 45.67374 0.01781
tdc1_rung1_double_pair570.txt -102.36 22.11 23.15 0.552 1.57 7058070 238.65439 0.02823
tdc1_rung1_double_pair571.txt -89.93 20.48 22.73 1.238 2.34 47852868 83.5505 0.02187
tdc1_rung1_double_pair572.txt -21.25 22.74 23.23 0.134 3.94 136906 75.61802 0.01593
tdc1_rung1_double_pair573.txt 75.62 19.63 21.19 0.986 1.81 29102862 79.57575 0.02451
tdc1_rung1_double_pair574.txt 17.92 21.89 23.06 0.094 1.84 48657 666.73257 0.00689
tdc1_rung1_double_pair575.txt -112.15 21.42 22.22 0.89 1.42 22995240 283.58619 0.00509
tdc1_rung1_double_pair576.txt -20.76 22.63 22.68 0.756 3.32 15532568 55.088 0.02445
tdc1_rung1_double_pair577.txt 66.85 19.44 20.83 1.374 2.38 59313635 198.23249 0.01191
tdc1_rung1_double_pair578.txt -28.88 20.06 20.11 0.388 2.86 2754967 176.99975 0.02371
tdc1_rung1_double_pair579.txt 51.11 21.24 20.94 0.268 1.62 994045 576.75815 0.00385
tdc1_rung1_double_pair580.txt -31.47 20.32 20.79 0.78 1.46 16781362 199.45657 0.00673
tdc1_rung1_double_pair581.txt -88.08 20.36 20.59 0.516 0.84 5924575 53.1221 0.01756
tdc1_rung1_double_pair582.txt -46.83 21.54 21.21 1.392 2.12 60896021 163.31975 0.0102
tdc1_rung1_double_pair583.txt -28.96 19.89 21.0 1.146 3.12 40566783 54.20731 0.04609
tdc1_rung1_double_pair584.txt 56.07 22.55 23.11 0.954 2.54 26991683 33.48201 0.01617
tdc1_rung1_double_pair585.txt 26.48 21.81 23.27 0.744 3.26 14965177 604.81193 0.01632
tdc1_rung1_double_pair586.txt 37.28 21.68 21.87 1.43 2.84 64263214 141.87098 0.00679
tdc1_rung1_double_pair587.txt 87.65 21.27 23.25 2.058 3.58 125673328 62.7965 0.01317
tdc1_rung1_double_pair588.txt 27.98 20.5 21.95 0.57 2.64 7632761 317.43269 0.00658
tdc1_rung1_double_pair589.txt -25.25 19.19 20.15 0.58 2.31 7996073 31.63449 0.0427
tdc1_rung1_double_pair590.txt -87.07 21.89 22.43 1.58 3.71 78070006 241.25045 0.01283
tdc1_rung1_double_pair591.txt 21.57 23.21 22.64 1.722 4.71 91690964 259.56163 0.02477
tdc1_rung1_double_pair592.txt -45.96 22.8 22.97 0.624 2.91 9649578 779.78476 0.00886
tdc1_rung1_double_pair593.txt -28.32 20.86 23.21 0.518 2.12 5972550 94.02511 0.01515
tdc1_rung1_double_pair594.txt 78.46 18.94 21.26 0.356 2.52 2184287 762.23336 0.01216
tdc1_rung1_double_pair595.txt -60.99 23.03 22.28 0.548 2.26 6928299 176.99975 0.02371
tdc1_rung1_double_pair596.txt -57.41 21.95 20.23 0.804 3.75 18076745 361.58479 0.00551
tdc1_rung1_double_pair597.txt 46.7 20.23 21.25 0.764 1.23 15972196 87.92898 0.01619
tdc1_rung1_double_pair598.txt 92.01 22.34 20.74 0.75 2.4 15277513 130.74876 0.01302
tdc1_rung1_double_pair599.txt -18.97 21.54 21.86 0.668 3.62 11436394 417.63761 0.00617
tdc1_rung1_double_pair600.txt -24.01 20.37 20.27 0.866 2.34 21530430 376.86034 0.00844
tdc1_rung1_double_pair601.txt 22.55 19.84 21.58 0.98 1.76 28645584 92.39814 0.00948
tdc1_rung1_double_pair602.txt 41.69 21.97 23.09 0.652 2.23 10804520 500.50691 0.00424
tdc1_rung1_double_pair603.txt -14.84 19.87 22.32 0.546 2.06 6824599 874.9034 0.00457
tdc1_rung1_double_pair604.txt 88.41 21.0 21.75 0.982 2.3 28844653 983.95279 0.00696
tdc1_rung1_double_pair605.txt 53.68 21.97 23.07 1.194 1.77 44308312 439.63844 0.01947
tdc1_rung1_double_pair606.txt 49.76 20.03 20.51 1.292 2.57 52295829 248.05559 0.02653
tdc1_rung1_double_pair607.txt -36.59 22.6 23.05 0.522 2.82 6087788 491.24881 0.01449
tdc1_rung1_double_pair608.txt -39.1 20.68 20.96 0.63 0.9 9906901 94.31121 0.01152
tdc1_rung1_double_pair609.txt -23.99 20.05 21.73 0.96 1.97 27316650 32.75536 0.02914
tdc1_rung1_double_pair610.txt 97.15 20.57 23.02 1.228 2.29 47049069 86.12753 0.03247
tdc1_rung1_double_pair611.txt 19.04 21.51 21.77 0.562 1.04 7384374 53.48212 0.01796
tdc1_rung1_double_pair612.txt 30.98 20.37 22.76 0.688 3.19 12313648 35.30293 0.02699
tdc1_rung1_double_pair613.txt 50.52 22.14 22.8 0.646 3.46 10540640 315.45303 0.00506
tdc1_rung1_double_pair614.txt -40.34 21.27 22.59 0.588 1.33 8296691 315.64266 0.01261
tdc1_rung1_double_pair615.txt -10.26 22.82 22.73 1.278 2.41 51114303 247.35293 0.00894
tdc1_rung1_double_pair616.txt 97.92 21.87 23.25 1.38 3.87 59831248 333.83708 0.00918
tdc1_rung1_double_pair617.txt 115.15 20.12 20.96 0.552 2.32 7061312 963.37531 0.00948
tdc1_rung1_double_pair618.txt 91.58 19.75 21.65 1.34 2.04 56370539 496.29195 0.009
tdc1_rung1_double_pair619.txt 88.26 19.99 22.43 0.24 1.28 727476 96.2905 0.02632
tdc1_rung1_double_pair620.txt 85.37 20.44 21.4 1.76 2.99 95488540 31.72831 0.05278
tdc1_rung1_double_pair621.txt 87.99 20.48 21.8 0.264 2.61 952262 68.08331 0.03248
tdc1_rung1_double_pair622.txt -87.07 21.04 21.51 1.266 2.46 50148918 800.27214 0.0053
tdc1_rung1_double_pair623.txt 61.4 22.1 22.83 1.98 3.62 117647216 270.14099 0.01812
tdc1_rung1_double_pair624.txt -24.09 22.58 23.0 0.624 1.57 9661548 52.87694 0.03784
tdc1_rung1_double_pair625.txt 31.18 20.09 21.25 0.802 1.24 17966953 62.24761 0.0296
tdc1_rung1_double_pair626.txt -8.44 22.32 22.95 0.302 1.14 1381738 43.34112 0.03146
tdc1_rung1_double_pair627.txt -82.36 20.01 20.72 1.176 1.78 42927651 633.62821 0.00435
tdc1_rung1_double_pair628.txt -36.35 20.3 21.06 0.276 2.2 1077130 144.50558 0.00667
tdc1_rung1_double_pair629.txt 41.9 19.17 21.39 0.476 2.38 4787636 181.59663 0.01131
tdc1_rung1_double_pair630.txt 23.02 21.06 21.07 0.758 2.83 15659338 831.92359 0.00551
tdc1_rung1_double_pair631.txt -27.69 21.11 22.41 1.498 3.55 70384895 101.34495 0.00802
tdc1_rung1_double_pair632.txt -40.8 21.64 21.21 1.064 2.08 34517830 331.32338 0.00603
tdc1_rung1_double_pair633.txt -29.91 19.55 21.78 0.498 1.69 5370591 272.55579 0.00638
tdc1_rung1_double_pair634.txt -44.25 22.34 23.01 0.636 1.97 10151206 470.71242 0.00445
tdc1_rung1_double_pair635.txt -111.8 18.73 20.29 0.934 1.84 25720951 235.73714 0.00639
tdc1_rung1_double_pair636.txt -82.28 20.24 20.94 0.53 2.65 6354565 42.59265 0.01546
tdc1_rung1_double_pair637.txt 63.52 18.35 20.54 0.258 2.06 892663 775.77407 0.0041
tdc1_rung1_double_pair638.txt -81.45 19.49 20.84 1.944 3.15 113967171 282.54106 0.0053
tdc1_rung1_double_pair639.txt 57.59 20.88 23.02 0.65 1.84 10703680 858.32086 0.0106
tdc1_rung1_double_pair640.txt -34.54 21.89 21.86 1.888 3.33 108251726 93.5632 0.05081
tdc1_rung1_double_pair641.txt 14.36 22.02 22.83 0.352 1.45 2111893 872.18137 0.00385
tdc1_rung1_double_pair642.txt -29.31 20.94 22.19 0.778 1.83 16690724 327.57486 0.01066
tdc1_rung1_double_pair643.txt 38.4 20.19 21.14 0.304 1.52 1413199 81.17809 0.00972
tdc1_rung1_double_pair644.txt -12.07 18.29 20.07 0.158 1.33 217824 339.9333 0.0242
tdc1_rung1_double_pair645.txt -30.01 22.78 23.27 0.852 2.87 20713136 780.28961 0.01122
tdc1_rung1_double_pair646.txt 82.76 20.21 21.55 0.302 2.88 1388869 90.79596 0.01607
tdc1_rung1_double_pair647.txt -11.87 21.86 22.25 0.66 2.72 11082291 304.46373 0.00649
tdc1_rung1_double_pair648.txt 21.52 21.37 22.91 0.712 2.75 13435241 358.69724 0.01518
tdc1_rung1_double_pair649.txt -118.0 21.18 23.19 2.26 4.55 146731035 488.87863 0.00415
tdc1_rung1_double_pair650.txt 14.86 20.52 21.61 0.672 2.21 11629410 70.10433 0.01566
tdc1_rung1_double_pair651.txt 38.75 22.8 23.08 0.824 2.74 19139515 69.16121 0.04918
tdc1_rung1_double_pair652.txt 24.07 19.81 21.74 0.194 1.27 396459 118.17433 0.04474
tdc1_rung1_double_pair653.txt 112.3 19.59 21.99 1.25 1.64 48830850 104.93133 0.01561
tdc1_rung1_double_pair654.txt 53.48 22.26 22.28 1.864 2.84 105856913 66.65123 0.01281
tdc1_rung1_double_pair655.txt -113.01 21.53 21.83 0.398 2.08 2959894 112.05239 0.04477
tdc1_rung1_double_pair656.txt 75.08 20.75 22.26 0.53 2.28 6343760 36.58831 0.03447
tdc1_rung1_double_pair657.txt 11.75 21.27 22.56 0.552 1.46 7010940 696.04015 0.00361
tdc1_rung1_double_pair658.txt 35.21 22.2 23.04 0.68 2.6 11978293 40.20634 0.0331
tdc1_rung1_double_pair659.txt -62.15 21.49 22.27 0.78 2.26 16791023 53.90852 0.05515
tdc1_rung1_double_pair660.txt 63.12 21.41 22.17 1.144 2.49 40434818 59.71549 0.0145
tdc1_rung1_double_pair661.txt -55.05 20.38 21.03 1.016 1.88 31131811 131.95214 0.04169
tdc1_rung1_double_pair662.txt -84.91 20.32 21.32 1.008 3.72 30556469 308.83056 0.00775
tdc1_rung1_double_pair663.txt 48.47 21.14 23.19 0.768 3.37 16154371 45.81254 0.05339
tdc1_rung1_double_pair664.txt 47.25 21.22 22.14 0.236 3.01 694868 278.76035 0.02772
tdc1_rung1_double_pair665.txt 27.2 20.43 22.0 0.216 1.36 539040 33.89637 0.05749
tdc1_rung1_double_pair666.txt -33.79 20.12 19.5 0.944 2.09 26342882 132.17146 0.03138
tdc1_rung1_double_pair667.txt -64.34 22.87 23.29 0.62 1.48 9514550 372.68812 0.01802
tdc1_rung1_double_pair668.txt -20.13 23.18 22.74 0.842 1.44 20168874 282.54106 0.0053
tdc1_rung1_double_pair669.txt -31.22 22.81 22.84 0.162 2.04 237091 409.72229 0.00747
tdc1_rung1_double_pair670.txt 32.13 22.51 23.01 0.81 1.52 18386794 449.88672 0.00999
tdc1_rung1_double_pair671.txt 22.02 21.93 22.44 0.292 1.48 1257036 784.19513 0.00433
tdc1_rung1_double_pair672.txt -67.67 20.14 20.82 1.484 3.33 69158323 633.78015 0.00352
tdc1_rung1_double_pair673.txt -14.12 18.22 20.05 1.668 2.78 86461284 229.24763 0.0267
tdc1_rung1_double_pair674.txt -5.46 20.57 22.3 0.322 0.82 1639797 34.43613 0.03714
tdc1_rung1_double_pair675.txt 49.67 21.42 22.94 0.462 2.42 4414868 158.54528 0.02323
tdc1_rung1_double_pair676.txt -53.38 23.03 21.79 0.758 3.01 15663487 60.49605 0.03042
tdc1_rung1_double_pair677.txt -28.15 20.63 20.43 1.406 2.94 62100440 55.94983 0.0298
tdc1_rung1_double_pair678.txt -92.22 20.04 21.62 0.664 1.33 11305503 63.35663 0.02568
tdc1_rung1_double_pair679.txt -31.22 21.51 23.29 0.62 2.86 9498044 869.94445 0.00293
tdc1_rung1_double_pair680.txt 31.66 21.32 22.51 1.16 3.25 41612242 69.64147 0.02151
tdc1_rung1_double_pair681.txt -92.48 22.28 23.21 1.414 3.1 62846582 272.55579 0.00638
tdc1_rung1_double_pair682.txt 9.19 21.64 21.66 0.422 1.48 3446663 39.45319 0.01544
tdc1_rung1_double_pair683.txt 65.28 21.15 22.85 0.564 1.47 7469656 336.33731 0.02626
tdc1_rung1_double_pair684.txt -97.03 21.34 23.17 1.716 3.82 91112784 68.93764 0.03037
tdc1_rung1_double_pair685.txt 90.25 22.28 23.09 0.498 2.08 5392591 100.94452 0.03438
tdc1_rung1_double_pair686.txt -83.45 21.95 22.57 0.714 2.54 13534468 791.81612 0.00285
tdc1_rung1_double_pair687.txt 59.83 19.7 20.52 0.758 1.46 15675578 174.88744 0.02495
tdc1_rung1_double_pair688.txt -13.83 21.45 22.17 0.792 3.6 17399673 340.12953 0.02544
tdc1_rung1_double_pair689.txt -54.88 20.51 20.69 1.132 3.5 39529758 874.9034 0.00457
tdc1_rung1_double_pair690.txt 13.27 19.45 20.9 0.5 1.68 5436135 159.27904 0.02572
tdc1_rung1_double_pair691.txt -7.77 19.03 20.01 0.574 2.17 7764016 87.44842 0.04736
tdc1_rung1_double_pair692.txt -80.72 22.87 22.75 1.23 3.16 47197054 35.79425 0.02167
tdc1_rung1_double_pair693.txt -12.45 21.86 23.06 0.39 1.63 2790641 361.58479 0.00551
tdc1_rung1_double_pair694.txt -91.89 19.35 20.88 0.736 1.19 14597015 130.84803 0.03732
tdc1_rung1_double_pair695.txt 20.05 22.09 23.26 1.254 4.13 49163784 156.08559 0.02989
tdc1_rung1_double_pair696.txt -81.69 19.63 20.04 0.742 2.85 14884887 372.68812 0.01802
tdc1_rung1_double_pair697.txt 81.98 21.16 23.28 1.146 3.82 40587498 58.33856 0.04248
tdc1_rung1_double_pair698.txt -27.12 20.71 23.03 1.022 2.0 31505355 116.72108 0.0258
tdc1_rung1_double_pair699.txt 53.81 22.15 22.73 0.58 1.15 8015017 171.27374 0.00639
tdc1_rung1_double_pair700.txt -58.96 22.11 21.59 1.57 3.38 77138465 338.85796 0.00818
tdc1_rung1_double_pair701.txt 33.14 21.18 21.73 1.5 3.55 70585049 314.59421 0.01237
tdc1_rung1_double_pair702.txt -29.77 19.68 20.87 0.474 1.16 4736082 501.82855 0.00408
tdc1_rung1_double_pair703.txt -82.39 20.37 22.77 0.392 2.94 2838102 235.81169 0.02748
tdc1_rung1_double_pair704.txt -71.07 21.33 20.46 0.616 3.04 9364230 36.49722 0.02042
tdc1_rung1_double_pair705.txt -52.81 21.51 22.54 0.536 2.85 6539355 194.70753 0.01124
tdc1_rung1_double_pair706.txt -81.02 20.45 22.29 2.068 2.95 126725667 501.82855 0.00408
tdc1_rung1_double_pair707.txt -38.54 20.1 22.47 1.054 1.89 33767505 866.46253 0.00364
tdc1_rung1_double_pair708.txt -22.18 19.62 20.05 0.772 2.94 16363222 305.22266 0.01011
tdc1_rung1_double_pair709.txt -111.49 19.82 20.66 1.178 2.35 43067804 301.83225 0.00747
tdc1_rung1_double_pair710.txt -12.59 22.19 21.45 0.094 2.56 48085 148.78842 0.0213
tdc1_rung1_double_pair711.txt 33.95 19.72 20.34 1.468 2.29 67674863 51.81047 0.02927
tdc1_rung1_double_pair712.txt 78.42 21.47 22.84 1.452 2.57 66221062 335.61379 0.02172
tdc1_rung1_double_pair713.txt -15.39 19.3 21.37 0.61 1.1 9107510 190.75397 0.00576
tdc1_rung1_double_pair714.txt -51.85 22.48 23.26 0.896 3.73 23337938 153.21605 0.00674
tdc1_rung1_double_pair715.txt -79.61 20.87 23.13 0.792 1.9 17432214 32.75536 0.02914
tdc1_rung1_double_pair716.txt -32.06 19.62 20.93 0.144 1.67 168456 171.51835 0.02067
tdc1_rung1_double_pair717.txt -32.06 19.67 21.64 0.226 1.27 610112 105.5437 0.02504
tdc1_rung1_double_pair718.txt 12.45 21.7 21.72 0.898 1.96 23419352 105.52879 0.03192
tdc1_rung1_double_pair719.txt 64.34 21.38 23.26 1.186 3.88 43677327 703.31674 0.01316
tdc1_rung1_double_pair720.txt 119.21 21.41 23.09 1.098 2.03 36974870 67.36357 0.0176
tdc1_rung1_quad_pair1A.txt 11.24 20.15 20.35 0.376 1.75 2539872 254.14758 0.019
tdc1_rung1_quad_pair1B.txt 72.28 20.07 22.86 0.376 1.75 2539872 254.14758 0.019
tdc1_rung1_quad_pair2A.txt 5.74 20.72 20.63 0.44 2.25 3885870 417.63761 0.00617
tdc1_rung1_quad_pair2B.txt 88.67 20.8 23.16 0.44 2.25 3885870 417.63761 0.00617
tdc1_rung1_quad_pair3A.txt 22.4 19.94 20.32 0.42 3.02 3430698 497.0091 0.01934
tdc1_rung1_quad_pair3B.txt 16.47 19.85 20.22 0.42 3.02 3430698 497.0091 0.01934
tdc1_rung1_quad_pair4A.txt 56.91 20.71 22.58 0.486 2.32 5058554 118.10024 0.01864
tdc1_rung1_quad_pair4B.txt 5.22 20.56 20.65 0.486 2.32 5058554 118.10024 0.01864
tdc1_rung1_quad_pair5A.txt 5.76 20.98 19.72 1.044 1.8 33100370 496.29195 0.009
tdc1_rung1_quad_pair5B.txt 66.13 19.66 22.82 1.044 1.8 33100370 496.29195 0.009
tdc1_rung1_quad_pair6A.txt 8.87 20.99 20.52 1.256 3.02 49314176 161.32291 0.02323
tdc1_rung1_quad_pair6B.txt 18.13 20.32 22.14 1.256 3.02 49314176 161.32291 0.02323
tdc1_rung1_quad_pair7A.txt 22.41 19.67 20.82 1.62 4.57 81875512 382.03113 0.01321
tdc1_rung1_quad_pair7B.txt 67.94 20.55 20.04 1.62 4.57 81875512 382.03113 0.01321
tdc1_rung1_quad_pair8A.txt 23.4 20.55 18.79 0.908 1.8 24088260 60.78817 0.0172
tdc1_rung1_quad_pair8B.txt 13.41 18.69 21.04 0.908 1.8 24088260 60.78817 0.0172
tdc1_rung1_quad_pair9A.txt 22.75 20.62 20.97 1.834 2.93 102845111 141.87098 0.00679
tdc1_rung1_quad_pair9B.txt 11.73 20.41 20.81 1.834 2.93 102845111 141.87098 0.00679
tdc1_rung1_quad_pair10A.txt 53.94 20.75 19.96 1.07 2.63 34937300 543.50327 0.01019
tdc1_rung1_quad_pair10B.txt 23.72 19.65 21.39 1.07 2.63 34937300 543.50327 0.01019
testA 0 0 0 0 0 0 0 0
testB 0 0 0 0 0 0 0 0
tdc1_rung1_quad_pair12A.txt 29.66 19.94 20.9 0.67 1.45 11564854 60.85387 0.02495
tdc1_rung1_quad_pair12B.txt 14.98 19.82 20.58 0.67 1.45 11564854 60.85387 0.02495
tdc1_rung1_quad_pair13A.txt 9.13 20.64 20.17 1.008 1.96 30574714 33.89637 0.05749
tdc1_rung1_quad_pair13B.txt 5.45 19.9 20.96 1.008 1.96 30574714 33.89637 0.05749
tdc1_rung1_quad_pair14A.txt 9.5 19.87 21.37 0.414 2.86 3295031 359.11792 0.00896
tdc1_rung1_quad_pair14B.txt 21.19 20.87 20.19 0.414 2.86 3295031 359.11792 0.00896
testA 0 0 0 0 0 0 0 0
testB 0 0 0 0 0 0 0 0
tdc1_rung1_quad_pair16A.txt 43.83 20.54 19.65 0.756 1.72 15591661 134.66531 0.03582
tdc1_rung1_quad_pair16B.txt 57.87 19.39 22.14 0.756 1.72 15591661 134.66531 0.03582
tdc1_rung1_quad_pair17A.txt 25.23 20.0 20.8 0.732 2.72 14396477 448.8832 0.01956
tdc1_rung1_quad_pair17B.txt 48.66 19.95 21.56 0.732 2.72 14396477 448.8832 0.01956
tdc1_rung1_quad_pair18A.txt 86.13 20.22 21.43 2.03 3.51 122814836 879.66457 0.0101
tdc1_rung1_quad_pair18B.txt 10.52 20.16 20.1 2.03 3.51 122814836 879.66457 0.0101
tdc1_rung1_quad_pair19A.txt 15.76 19.26 21.41 1.564 2.37 76557438 689.9982 0.00511
tdc1_rung1_quad_pair19B.txt 19.9 20.71 19.43 1.564 2.37 76557438 689.9982 0.00511
tdc1_rung1_quad_pair20A.txt 29.8 20.08 22.25 1.19 2.84 43994373 50.39801 0.02093
tdc1_rung1_quad_pair20B.txt 5.73 20.76 20.08 1.19 2.84 43994373 50.39801 0.02093
tdc1_rung1_quad_pair21A.txt 15.35 20.26 20.63 1.416 2.36 63006717 497.40148 0.00602
tdc1_rung1_quad_pair21B.txt 5.6 19.95 20.54 1.416 2.36 63006717 497.40148 0.00602
tdc1_rung1_quad_pair22A.txt 61.65 20.05 20.81 0.594 2.04 8531815 333.53077 0.01829
tdc1_rung1_quad_pair22B.txt 12.35 19.72 20.02 0.594 2.04 8531815 333.53077 0.01829
tdc1_rung1_quad_pair23A.txt 26.06 20.75 21.48 0.91 1.3 24219898 197.27831 0.0057
tdc1_rung1_quad_pair23B.txt 10.11 20.73 20.82 0.91 1.3 24219898 197.27831 0.0057
tdc1_rung1_quad_pair24A.txt 43.89 21.24 22.09 0.404 1.41 3091283 629.4663 0.0037
tdc1_rung1_quad_pair24B.txt 12.17 21.03 21.38 0.404 1.41 3091283 629.4663 0.0037
tdc1_rung1_quad_pair25A.txt 7.58 19.54 21.76 1.136 2.79 39807567 426.45395 0.00867
tdc1_rung1_quad_pair25B.txt 28.02 21.17 19.83 1.136 2.79 39807567 426.45395 0.00867
tdc1_rung1_quad_pair26A.txt 11.75 21.67 20.0 0.682 3.0 12082411 43.63188 0.0191
tdc1_rung1_quad_pair26B.txt 63.08 19.98 23.58 0.682 3.0 12082411 43.63188 0.0191
tdc1_rung1_quad_pair27A.txt 10.77 20.75 22.5 1.486 4.42 69299750 98.6641 0.04242
tdc1_rung1_quad_pair27B.txt 10.52 21.74 20.6 1.486 4.42 69299750 98.6641 0.04242
tdc1_rung1_quad_pair28A.txt 41.23 21.3 21.58 1.072 2.8 35093373 131.38447 0.03511
tdc1_rung1_quad_pair28B.txt 95.6 21.23 22.44 1.072 2.8 35093373 131.38447 0.03511
tdc1_rung1_quad_pair29A.txt 32.48 21.61 21.1 1.588 3.17 78831639 31.72831 0.05278
tdc1_rung1_quad_pair29B.txt 77.27 20.97 22.77 1.588 3.17 78831639 31.72831 0.05278
tdc1_rung1_quad_pair30A.txt 20.71 21.57 21.38 0.544 1.57 6797368 249.08372 0.00781
tdc1_rung1_quad_pair30B.txt 20.18 21.03 22.22 0.544 1.57 6797368 249.08372 0.00781
tdc1_rung1_quad_pair31A.txt 61.39 20.93 22.69 1.002 1.85 30192153 334.07372 0.0239
tdc1_rung1_quad_pair31B.txt 14.4 21.49 20.94 1.002 1.85 30192153 334.07372 0.0239
tdc1_rung1_quad_pair32A.txt 85.22 21.08 22.25 0.424 2.2 3518235 112.05239 0.04477
tdc1_rung1_quad_pair32B.txt 15.17 20.95 21.06 0.424 2.2 3518235 112.05239 0.04477
tdc1_rung1_quad_pair33A.txt 10.04 21.97 21.47 0.802 4.23 17946211 124.37935 0.02066
tdc1_rung1_quad_pair33B.txt 10.24 21.24 22.72 0.802 4.23 17946211 124.37935 0.02066
tdc1_rung1_quad_pair34A.txt 17.17 21.81 21.22 1.712 3.67 90768912 163.31975 0.0102
tdc1_rung1_quad_pair34B.txt 27.84 21.11 22.42 1.712 3.67 90768912 163.31975 0.0102
tdc1_rung1_quad_pair35A.txt 6.63 21.75 21.56 1.33 2.81 55542863 235.29888 0.00901
tdc1_rung1_quad_pair35B.txt 9.48 21.55 21.99 1.33 2.81 55542863 235.29888 0.00901
tdc1_rung1_quad_pair36A.txt 7.32 21.56 20.2 0.796 1.65 17638719 50.78152 0.03527
tdc1_rung1_quad_pair36B.txt 86.64 20.23 25.54 0.796 1.65 17638719 50.78152 0.03527
tdc1_rung1_quad_pair37A.txt 34.35 21.73 22.02 0.806 3.45 18189139 997.97867 0.01058
tdc1_rung1_quad_pair37B.txt 15.69 21.58 21.67 0.806 3.45 18189139 997.97867 0.01058
tdc1_rung1_quad_pair38A.txt 24.0 21.79 20.83 1.002 2.88 30171726 182.38571 0.01278
tdc1_rung1_quad_pair38B.txt 12.17 21.14 22.2 1.002 2.88 30171726 182.38571 0.01278
tdc1_rung1_quad_pair39A.txt 26.41 21.32 22.65 2.298 4.63 150737155 173.62012 0.02022
tdc1_rung1_quad_pair39B.txt 5.32 21.46 21.28 2.298 4.63 150737155 173.62012 0.02022
tdc1_rung1_quad_pair40A.txt 20.96 20.44 21.46 0.558 3.63 7268150 60.29928 0.02232
tdc1_rung1_quad_pair40B.txt 23.29 21.13 20.58 0.558 3.63 7268150 60.29928 0.02232
tdc1_rung1_quad_pair41A.txt 7.07 21.15 21.14 1.532 3.03 73589914 87.92898 0.01619
tdc1_rung1_quad_pair41B.txt 64.53 21.31 22.69 1.532 3.03 73589914 87.92898 0.01619
tdc1_rung1_quad_pair42A.txt 8.44 21.94 21.92 1.338 3.41 56216352 498.62332 0.01124
tdc1_rung1_quad_pair42B.txt 12.6 21.77 22.46 1.338 3.41 56216352 498.62332 0.01124
tdc1_rung1_quad_pair43A.txt 33.95 21.71 21.27 0.452 3.06 4177806 87.53212 0.03785
tdc1_rung1_quad_pair43B.txt 31.48 21.0 22.27 0.452 3.06 4177806 87.53212 0.03785
tdc1_rung1_quad_pair44A.txt 16.63 21.13 20.79 1.4 3.69 61605421 351.30343 0.01052
tdc1_rung1_quad_pair44B.txt 14.67 20.57 21.61 1.4 3.69 61605421 351.30343 0.01052
tdc1_rung1_quad_pair45A.txt 10.41 19.91 21.6 0.608 3.11 9049851 81.17809 0.00972
tdc1_rung1_quad_pair45B.txt 20.18 21.49 19.86 0.608 3.11 9049851 81.17809 0.00972
tdc1_rung1_quad_pair46A.txt 5.17 21.33 21.67 1.566 4.21 76723721 739.25229 0.00711
tdc1_rung1_quad_pair46B.txt 12.35 21.51 21.96 1.566 4.21 76723721 739.25229 0.00711
tdc1_rung1_quad_pair47A.txt 5.41 19.66 21.57 0.34 2.93 1927802 88.67656 0.02137
tdc1_rung1_quad_pair47B.txt 6.11 21.34 19.63 0.34 2.93 1927802 88.67656 0.02137
tdc1_rung1_quad_pair48A.txt 7.89 21.69 21.38 1.086 3.22 36061034 683.58049 0.00679
tdc1_rung1_quad_pair48B.txt 30.09 21.13 24.13 1.086 3.22 36061034 683.58049 0.00679
tdc1_rung1_quad_pair49A.txt 28.15 20.72 21.06 0.436 1.18 3793356 831.92359 0.00551
tdc1_rung1_quad_pair49B.txt 49.91 20.75 21.46 0.436 1.18 3793356 831.92359 0.00551
tdc1_rung1_quad_pair50A.txt 5.2 19.43 21.53 0.384 2.95 2682136 56.67209 0.04422
tdc1_rung1_quad_pair50B.txt 11.47 21.28 19.53 0.384 2.95 2682136 56.67209 0.04422
tdc1_rung1_quad_pair51A.txt 10.93 20.44 21.37 0.624 2.38 9671738 109.3798 0.00913
tdc1_rung1_quad_pair51B.txt 54.84 21.19 21.03 0.624 2.38 9671738 109.3798 0.00913
tdc1_rung1_quad_pair52A.txt 44.97 21.41 22.67 0.674 4.21 11748864 333.63066 0.00448
tdc1_rung1_quad_pair52B.txt 40.87 21.98 21.21 0.674 4.21 11748864 333.63066 0.00448
tdc1_rung1_quad_pair53A.txt 8.68 21.52 22.2 0.476 1.44 4786827 762.23336 0.01216
tdc1_rung1_quad_pair53B.txt 6.46 21.68 21.74 0.476 1.44 4786827 762.23336 0.01216
tdc1_rung1_quad_pair54A.txt 13.94 21.27 20.74 1.002 2.43 30176920 52.16588 0.05295
tdc1_rung1_quad_pair54B.txt 17.34 20.61 21.82 1.002 2.43 30176920 52.16588 0.05295
tdc1_rung1_quad_pair55A.txt 9.68 20.5 21.45 0.444 2.41 3976745 44.64898 0.01795
tdc1_rung1_quad_pair55B.txt 11.98 20.66 21.31 0.444 2.41 3976745 44.64898 0.01795
tdc1_rung1_quad_pair56A.txt 9.13 21.09 21.39 0.77 1.92 16288851 131.04008 0.02202
tdc1_rung1_quad_pair56B.txt 25.28 21.35 21.61 0.77 1.92 16288851 131.04008 0.02202
tdc1_rung1_quad_pair57A.txt 13.55 21.02 20.37 0.768 1.4 16184719 917.67322 0.00295
tdc1_rung1_quad_pair57B.txt 17.5 20.64 21.93 0.768 1.4 16184719 917.67322 0.00295
tdc1_rung1_quad_pair58A.txt 7.91 20.85 22.47 1.554 4.06 75573584 36.49722 0.02042
tdc1_rung1_quad_pair58B.txt 8.12 21.66 21.08 1.554 4.06 75573584 36.49722 0.02042
tdc1_rung1_quad_pair59A.txt 15.01 21.11 22.27 1.396 2.62 61242241 60.30752 0.02386
tdc1_rung1_quad_pair59B.txt 35.56 21.43 22.01 1.396 2.62 61242241 60.30752 0.02386
tdc1_rung1_quad_pair60A.txt 10.08 22.42 22.74 1.576 2.6 77642355 258.91188 0.01673
tdc1_rung1_quad_pair60B.txt 10.64 22.1 23.66 1.576 2.6 77642355 258.91188 0.01673
tdc1_rung1_quad_pair61A.txt 5.7 22.28 22.3 1.028 2.74 31960965 42.73937 0.01814
tdc1_rung1_quad_pair61B.txt 30.43 22.27 23.65 1.028 2.74 31960965 42.73937 0.01814
tdc1_rung1_quad_pair62A.txt 7.38 22.35 20.94 1.854 3.92 104816356 94.28275 0.01944
tdc1_rung1_quad_pair62B.txt 24.84 20.86 23.87 1.854 3.92 104816356 94.28275 0.01944
tdc1_rung1_quad_pair63A.txt 8.09 21.69 23.19 1.328 2.34 55339842 260.13792 0.02986
tdc1_rung1_quad_pair63B.txt 14.04 22.81 21.53 1.328 2.34 55339842 260.13792 0.02986
tdc1_rung1_quad_pair64A.txt 14.04 22.36 22.91 0.944 3.13 26339342 63.35663 0.02568
tdc1_rung1_quad_pair64B.txt 19.17 22.45 22.96 0.944 3.13 26339342 63.35663 0.02568
tdc1_rung1_quad_pair65A.txt 32.68 22.89 22.94 0.958 4.76 27264253 345.02183 0.01017
tdc1_rung1_quad_pair65B.txt 34.25 22.79 23.11 0.958 4.76 27264253 345.02183 0.01017
tdc1_rung1_quad_pair66A.txt 7.65 22.26 23.24 1.044 2.07 33086532 73.61062 0.03158
tdc1_rung1_quad_pair66B.txt 28.21 22.85 22.92 1.044 2.07 33086532 73.61062 0.03158
testA 0 0 0 0 0 0 0 0
testB 0 0 0 0 0 0 0 0
tdc1_rung1_quad_pair68A.txt 8.0 22.95 22.93 1.03 3.54 32072060 169.39734 0.0098
tdc1_rung1_quad_pair68B.txt 8.73 22.56 23.71 1.03 3.54 32072060 169.39734 0.0098
tdc1_rung1_quad_pair69A.txt 20.2 22.4 20.8 1.194 2.49 44329018 77.75749 0.04111
tdc1_rung1_quad_pair69B.txt 84.79 20.78 24.14 1.194 2.49 44329018 77.75749 0.04111
tdc1_rung1_quad_pair70A.txt 99.13 22.48 26.01 1.542 5.17 74489849 83.96736 0.01099
tdc1_rung1_quad_pair70B.txt 8.25 22.59 22.62 1.542 5.17 74489849 83.96736 0.01099
tdc1_rung1_quad_pair71A.txt 11.7 22.42 20.65 0.638 2.52 10219292 721.40215 0.00406
tdc1_rung1_quad_pair71B.txt 38.73 20.73 24.74 0.638 2.52 10219292 721.40215 0.00406
tdc1_rung1_quad_pair72A.txt 21.7 22.82 22.84 0.684 4.52 12184564 81.99059 0.01211
tdc1_rung1_quad_pair72B.txt 16.46 22.5 23.13 0.684 4.52 12184564 81.99059 0.01211
tdc1_rung1_quad_pair73A.txt 36.94 20.52 22.53 1.29 2.37 52150131 577.7262 0.00668
tdc1_rung1_quad_pair73B.txt 35.07 22.18 20.55 1.29 2.37 52150131 577.7262 0.00668
tdc1_rung1_quad_pair74A.txt 43.1 22.67 22.13 0.51 2.88 5743023 62.32131 0.01213
tdc1_rung1_quad_pair74B.txt 29.25 22.81 24.26 0.51 2.88 5743023 62.32131 0.01213
tdc1_rung1_quad_pair75A.txt 75.52 22.75 22.06 0.916 2.03 24594314 99.05471 0.01636
tdc1_rung1_quad_pair75B.txt 9.16 21.5 22.67 0.916 2.03 24594314 99.05471 0.01636
tdc1_rung1_quad_pair76A.txt 7.16 22.59 22.9 0.46 2.34 4371006 831.65811 0.01225
tdc1_rung1_quad_pair76B.txt 66.15 22.72 25.24 0.46 2.34 4371006 831.65811 0.01225
tdc1_rung1_quad_pair77A.txt 17.09 20.46 22.58 0.416 0.86 3344529 181.59663 0.01131
tdc1_rung1_quad_pair77B.txt 48.7 22.23 20.32 0.416 0.86 3344529 181.59663 0.01131
tdc1_rung1_quad_pair78A.txt 9.78 22.55 21.18 0.39 3.54 2791271 127.38661 0.03537
tdc1_rung1_quad_pair78B.txt 5.44 21.43 23.3 0.39 3.54 2791271 127.38661 0.03537
tdc1_rung1_quad_pair79A.txt 83.91 22.85 23.55 1.184 2.71 43547406 34.72101 0.07884
tdc1_rung1_quad_pair79B.txt 5.44 22.36 22.27 1.184 2.71 43547406 34.72101 0.07884
tdc1_rung1_quad_pair80A.txt 17.96 22.3 21.84 0.202 0.62 447252 270.8074 0.02263
tdc1_rung1_quad_pair80B.txt 15.65 21.59 22.96 0.202 0.62 447252 270.8074 0.02263
tdc1_rung1_quad_pair81A.txt 74.8 22.01 23.49 0.762 3.24 15883016 104.95974 0.00958
tdc1_rung1_quad_pair81B.txt 11.62 21.8 22.2 0.762 3.24 15883016 104.95974 0.00958
tdc1_rung1_quad_pair82A.txt 8.27 21.82 22.09 0.404 4.3 3083204 82.26192 0.02468
tdc1_rung1_quad_pair82B.txt 49.55 21.66 24.81 0.404 4.3 3083204 82.26192 0.02468
tdc1_rung1_quad_pair83A.txt 70.77 22.97 22.75 1.268 4.03 50337436 39.45319 0.01544
tdc1_rung1_quad_pair83B.txt 21.77 22.31 22.99 1.268 4.03 50337436 39.45319 0.01544
tdc1_rung1_quad_pair84A.txt 59.88 22.02 22.68 1.17 2.14 42453223 100.36581 0.0398
tdc1_rung1_quad_pair84B.txt 27.27 21.8 22.48 1.17 2.14 42453223 100.36581 0.0398
tdc1_rung1_quad_pair85A.txt 14.76 22.78 22.84 1.206 2.31 45296064 39.95443 0.02395
tdc1_rung1_quad_pair85B.txt 114.36 22.71 25.0 1.206 2.31 45296064 39.95443 0.02395
tdc1_rung1_quad_pair86A.txt 10.35 22.46 22.99 0.982 2.11 28816554 32.04324 0.07333
tdc1_rung1_quad_pair86B.txt 9.44 22.44 22.97 0.982 2.11 28816554 32.04324 0.07333
tdc1_rung1_quad_pair87A.txt 55.33 22.93 22.88 0.484 2.42 5010266 36.42937 0.01654
tdc1_rung1_quad_pair87B.txt 6.94 22.16 22.95 0.484 2.42 5010266 36.42937 0.01654
tdc1_rung1_quad_pair88A.txt 30.52 22.77 20.12 2.246 3.22 145279160 105.5437 0.02504
tdc1_rung1_quad_pair88B.txt 11.04 20.05 23.4 2.246 3.22 145279160 105.5437 0.02504
tdc1_rung1_quad_pair89A.txt 12.74 22.18 22.79 0.672 2.3 11646574 43.44417 0.06012
tdc1_rung1_quad_pair89B.txt 40.7 22.31 23.42 0.672 2.3 11646574 43.44417 0.06012
tdc1_rung1_quad_pair90A.txt 12.29 22.19 22.57 0.832 3.89 19612837 190.75397 0.00576
tdc1_rung1_quad_pair90B.txt 51.63 22.51 23.04 0.832 3.89 19612837 190.75397 0.00576
tdc1_rung1_quad_pair91A.txt 16.47 22.85 22.23 0.792 3.68 17429860 66.62308 0.01706
tdc1_rung1_quad_pair91B.txt 37.19 22.16 23.96 0.792 3.68 17429860 66.62308 0.01706
tdc1_rung1_quad_pair92A.txt 32.27 22.51 23.2 0.832 3.19 19619493 971.62754 0.00269
tdc1_rung1_quad_pair92B.txt 12.24 22.55 22.48 0.832 3.19 19619493 971.62754 0.00269
tdc1_rung1_quad_pair93A.txt 7.4 21.54 22.06 1.002 1.36 30162876 79.57575 0.02451
tdc1_rung1_quad_pair93B.txt 5.9 21.33 22.45 1.002 1.36 30162876 79.57575 0.02451
testA 0 0 0 0 0 0 0 0
testB 0 0 0 0 0 0 0 0
tdc1_rung1_quad_pair95A.txt 17.85 23.21 22.91 0.566 4.68 7527028 194.70145 0.01688
tdc1_rung1_quad_pair95B.txt 24.15 22.6 24.31 0.566 4.68 7527028 194.70145 0.01688
tdc1_rung1_quad_pair96A.txt 12.78 22.89 23.29 1.192 2.35 44184215 144.50558 0.00667
tdc1_rung1_quad_pair96B.txt 25.2 23.08 23.43 1.192 2.35 44184215 144.50558 0.00667
tdc1_rung1_quad_pair97A.txt 27.45 23.22 21.63 0.436 3.61 3779712 310.694 0.00758
tdc1_rung1_quad_pair97B.txt 5.85 21.41 23.79 0.436 3.61 3779712 310.694 0.00758
tdc1_rung1_quad_pair98A.txt 15.42 23.03 22.82 0.722 2.77 13914161 50.37067 0.04537
tdc1_rung1_quad_pair98B.txt 6.91 22.52 23.05 0.722 2.77 13914161 50.37067 0.04537
tdc1_rung1_quad_pair99A.txt 5.1 23.1 23.05 0.732 2.01 14354819 480.58865 0.01806
tdc1_rung1_quad_pair99B.txt 11.62 22.65 25.06 0.732 2.01 14354819 480.58865 0.01806
tdc1_rung1_quad_pair100A.txt 6.34 23.1 22.72 0.188 3.0 364733 50.92916 0.02824
tdc1_rung1_quad_pair100B.txt 17.52 22.6 24.33 0.188 3.0 364733 50.92916 0.02824
tdc1_rung1_quad_pair101A.txt 19.8 22.61 23.07 1.4 3.69 61570853 281.43943 0.01154
tdc1_rung1_quad_pair101B.txt 7.12 22.21 23.13 1.4 3.69 61570853 281.43943 0.01154
tdc1_rung1_quad_pair102A.txt 8.74 22.71 23.16 1.246 2.87 48448715 66.14515 0.01066
tdc1_rung1_quad_pair102B.txt 7.48 22.49 23.59 1.246 2.87 48448715 66.14515 0.01066
tdc1_rung1_quad_pair103A.txt 5.61 22.77 23.21 0.976 2.92 28431285 34.28175 0.05409
tdc1_rung1_quad_pair103B.txt 30.36 23.12 23.97 0.976 2.92 28431285 34.28175 0.05409
tdc1_rung1_quad_pair104A.txt 20.13 21.58 24.06 1.642 3.31 83958947 275.67727 0.02212
tdc1_rung1_quad_pair104B.txt 7.33 23.02 21.54 1.642 3.31 83958947 275.67727 0.02212
tdc1_rung1_quad_pair105A.txt 17.69 23.11 22.93 0.574 3.62 7794116 290.56653 0.02297
tdc1_rung1_quad_pair105B.txt 10.86 22.46 23.96 0.574 3.62 7794116 290.56653 0.02297
tdc1_rung1_quad_pair106A.txt 75.38 23.19 24.03 0.746 2.67 15091478 290.50593 0.02137
tdc1_rung1_quad_pair106B.txt 11.78 22.86 23.15 0.746 2.67 15091478 290.50593 0.02137
tdc1_rung1_quad_pair107A.txt 45.69 23.11 23.22 2.194 5.49 139852433 626.51482 0.00797
tdc1_rung1_quad_pair107B.txt 70.14 23.09 23.5 2.194 5.49 139852433 626.51482 0.00797
tdc1_rung1_quad_pair108A.txt 44.02 22.97 24.44 0.922 3.88 24958688 101.34495 0.00802
tdc1_rung1_quad_pair108B.txt 16.1 23.27 23.1 0.922 3.88 24958688 101.34495 0.00802
tdc1_rung1_quad_pair109A.txt 6.25 23.01 22.55 0.884 4.26 22563845 130.74876 0.01302
tdc1_rung1_quad_pair109B.txt 6.29 22.23 24.17 0.884 4.26 22563845 130.74876 0.01302
tdc1_rung1_quad_pair110A.txt 11.56 22.46 23.85 0.736 4.38 14577777 260.30231 0.01925
tdc1_rung1_quad_pair110B.txt 36.17 23.21 23.07 0.736 4.38 14577777 260.30231 0.01925
tdc1_rung1_quad_pair111A.txt 35.41 22.53 24.34 1.986 4.49 118267621 815.20115 0.01489
tdc1_rung1_quad_pair111B.txt 5.58 23.02 22.58 1.986 4.49 118267621 815.20115 0.01489
tdc1_rung1_quad_pair112A.txt 15.23 23.24 22.7 0.468 2.47 4574965 53.4707 0.01867
tdc1_rung1_quad_pair112B.txt 49.78 23.08 26.03 0.468 2.47 4574965 53.4707 0.01867
tdc1_rung1_quad_pair113A.txt 61.25 22.86 24.06 0.836 2.06 19840804 59.71549 0.0145
tdc1_rung1_quad_pair113B.txt 14.54 22.7 23.13 0.836 2.06 19840804 59.71549 0.0145
tdc1_rung1_quad_pair114A.txt 24.79 23.17 21.59 0.356 2.99 2188684 53.90852 0.05515
tdc1_rung1_quad_pair114B.txt 59.98 21.53 24.51 0.356 2.99 2188684 53.90852 0.05515
tdc1_rung1_quad_pair115A.txt 18.15 23.14 22.81 0.592 3.35 8447667 370.88263 0.00837
tdc1_rung1_quad_pair115B.txt 79.34 23.24 26.16 0.592 3.35 8447667 370.88263 0.00837
tdc1_rung1_quad_pair116A.txt 22.94 22.45 23.94 1.01 1.97 30727940 779.78476 0.00886
tdc1_rung1_quad_pair116B.txt 43.3 22.96 23.15 1.01 1.97 30727940 779.78476 0.00886
tdc1_rung1_quad_pair117A.txt 56.0 23.08 23.66 2.036 4.92 123400684 136.15411 0.02044
tdc1_rung1_quad_pair117B.txt 6.71 22.53 22.9 2.036 4.92 123400684 136.15411 0.02044
tdc1_rung1_quad_pair118A.txt 21.68 23.25 22.97 0.75 2.45 15283811 207.85759 0.00999
tdc1_rung1_quad_pair118B.txt 12.26 22.55 23.81 0.75 2.45 15283811 207.85759 0.00999
tdc1_rung1_quad_pair119A.txt 37.2 22.7 23.24 0.554 1.55 7135427 96.2905 0.02632
tdc1_rung1_quad_pair119B.txt 58.64 22.65 23.83 0.554 1.55 7135427 96.2905 0.02632
tdc1_rung1_quad_pair120A.txt 101.22 22.93 23.13 1.578 3.03 77890863 55.088 0.02445
tdc1_rung1_quad_pair120B.txt 13.27 22.22 23.07 1.578 3.03 77890863 55.088 0.02445
tdc1_rung1_quad_pair121A.txt 6.35 21.21 23.16 2.014 4.19 121141346 358.69724 0.01518
tdc1_rung1_quad_pair121B.txt 39.3 23.17 21.42 2.014 4.19 121141346 358.69724 0.01518
tdc1_rung1_quad_pair122A.txt 65.56 22.74 23.09 0.624 2.78 9669226 393.88787 0.00539
tdc1_rung1_quad_pair122B.txt 30.49 22.22 24.18 0.624 2.78 9669226 393.88787 0.00539
tdc1_rung1_quad_pair123A.txt 24.24 22.57 24.29 0.732 2.45 14388078 872.18137 0.00385
tdc1_rung1_quad_pair123B.txt 28.34 23.22 23.0 0.732 2.45 14388078 872.18137 0.00385
tdc1_rung1_quad_pair124A.txt 21.07 22.1 24.24 0.986 2.68 29080727 113.69356 0.01813
tdc1_rung1_quad_pair124B.txt 11.84 23.09 21.97 0.986 2.68 29080727 113.69356 0.01813
tdc1_rung1_quad_pair125A.txt 67.02 22.93 24.9 0.952 1.99 26873237 375.87859 0.01029
tdc1_rung1_quad_pair125B.txt 7.23 23.01 22.95 0.952 1.99 26873237 375.87859 0.01029
testA 0 0 0 0 0 0 0 0
testB 0 0 0 0 0 0 0 0
tdc1_rung1_quad_pair127A.txt 5.14 22.68 22.79 1.32 2.98 54684968 46.36084 0.01664
tdc1_rung1_quad_pair127B.txt 60.52 23.11 24.1 1.32 2.98 54684968 46.36084 0.01664
tdc1_rung1_quad_pair128A.txt 12.84 23.3 22.87 1.11 2.85 37882742 433.85322 0.02372
tdc1_rung1_quad_pair128B.txt 92.11 22.99 25.99 1.11 2.85 37882742 433.85322 0.02372
tdc1_rung1_quad_pair129A.txt 44.92 22.75 24.59 1.46 3.63 66966793 54.4918 0.01959
tdc1_rung1_quad_pair129B.txt 9.21 23.13 22.82 1.46 3.63 66966793 54.4918 0.01959
tdc1_rung1_quad_pair130A.txt 11.16 21.9 23.08 0.76 1.86 15792178 530.4603 0.01639
tdc1_rung1_quad_pair130B.txt 18.73 23.04 22.01 0.76 1.86 15792178 530.4603 0.01639
tdc1_rung1_quad_pair131A.txt 6.1 22.73 23.12 0.81 2.0 18382975 214.36793 0.02449
tdc1_rung1_quad_pair131B.txt 9.67 22.86 23.25 0.81 2.0 18382975 214.36793 0.02449
tdc1_rung1_quad_pair132A.txt 6.32 22.14 23.91 0.602 3.73 8800889 235.81169 0.02748
tdc1_rung1_quad_pair132B.txt 6.9 23.05 22.49 0.602 3.73 8800889 235.81169 0.02748
tdc1_rung1_quad_pair133A.txt 8.86 22.75 23.3 1.118 1.92 38487020 802.08127 0.01095
tdc1_rung1_quad_pair133B.txt 9.35 22.98 23.06 1.118 1.92 38487020 802.08127 0.01095
tdc1_rung1_quad_pair134A.txt 24.46 23.16 24.06 0.632 2.2 9978417 141.74953 0.01196
tdc1_rung1_quad_pair134B.txt 7.85 23.08 23.23 0.632 2.2 9978417 141.74953 0.01196
tdc1_rung1_quad_pair135A.txt 79.77 21.36 23.05 0.734 3.08 14501100 171.27374 0.00639
tdc1_rung1_quad_pair135B.txt 6.38 21.64 21.05 0.734 3.08 14501100 171.27374 0.00639
tdc1_rung1_quad_pair136A.txt 42.26 21.85 22.43 0.322 1.49 1659953 315.64266 0.01261
tdc1_rung1_quad_pair136B.txt 7.79 21.45 21.88 0.322 1.49 1659953 315.64266 0.01261
tdc1_rung1_quad_pair137A.txt 18.02 20.88 21.01 0.494 1.49 5284499 278.76035 0.02772
tdc1_rung1_quad_pair137B.txt 56.34 20.96 21.8 0.494 1.49 5284499 278.76035 0.02772
testA 0 0 0 0 0 0 0 0
testB 0 0 0 0 0 0 0 0
tdc1_rung1_quad_pair139A.txt 16.65 20.61 22.82 0.104 2.51 65315 107.34108 0.03096
tdc1_rung1_quad_pair139B.txt 5.38 21.63 20.63 0.104 2.51 65315 107.34108 0.03096
tdc1_rung1_quad_pair140A.txt 22.66 21.34 21.43 0.874 1.51 22039442 283.58619 0.00509
tdc1_rung1_quad_pair140B.txt 9.58 21.04 21.35 0.874 1.51 22039442 283.58619 0.00509
tdc1_rung1_quad_pair141A.txt 11.87 21.26 21.73 0.506 2.87 5626406 755.84682 0.00413
tdc1_rung1_quad_pair141B.txt 95.14 21.59 23.0 0.506 2.87 5626406 755.84682 0.00413
tdc1_rung1_quad_pair142A.txt 16.23 21.28 21.17 0.942 3.7 26219287 43.34112 0.03146
tdc1_rung1_quad_pair142B.txt 39.6 21.1 22.13 0.942 3.7 26219287 43.34112 0.03146
tdc1_rung1_quad_pair143A.txt 57.61 21.29 20.26 0.928 3.02 25322641 40.4225 0.02942
tdc1_rung1_quad_pair143B.txt 32.45 20.77 23.1 0.928 3.02 25322641 40.4225 0.02942
tdc1_rung1_quad_pair144A.txt 25.43 21.27 21.97 0.87 1.83 21801021 131.99803 0.0296
tdc1_rung1_quad_pair144B.txt 19.61 21.25 21.82 0.87 1.83 21801021 131.99803 0.0296
tdc1_rung1_quad_pair145A.txt 28.83 20.56 21.3 1.16 2.47 41677967 66.59809 0.01232
tdc1_rung1_quad_pair145B.txt 73.51 20.78 21.56 1.16 2.47 41677967 66.59809 0.01232
tdc1_rung1_quad_pair146A.txt 9.0 21.2 21.85 1.436 3.39 64814337 190.34784 0.0298
tdc1_rung1_quad_pair146B.txt 47.84 21.65 20.67 1.436 3.39 64814337 190.34784 0.0298
tdc1_rung1_quad_pair147A.txt 10.99 21.07 22.01 1.008 2.87 30573254 217.6562 0.00745
tdc1_rung1_quad_pair147B.txt 33.31 21.51 21.92 1.008 2.87 30573254 217.6562 0.00745
tdc1_rung1_quad_pair148A.txt 30.65 19.75 21.33 0.99 1.84 29377356 162.38662 0.01389
tdc1_rung1_quad_pair148B.txt 54.48 21.03 19.89 0.99 1.84 29377356 162.38662 0.01389
tdc1_rung1_quad_pair149A.txt 8.68 21.04 21.8 1.538 2.77 74143350 66.65123 0.01281
tdc1_rung1_quad_pair149B.txt 18.66 21.56 21.45 1.538 2.77 74143350 66.65123 0.01281
tdc1_rung1_quad_pair150A.txt 26.26 21.0 23.3 0.748 3.1 15165196 72.30333 0.03322
tdc1_rung1_quad_pair150B.txt 16.54 21.84 21.23 0.748 3.1 15165196 72.30333 0.03322
tdc1_rung1_quad_pair151A.txt 6.56 21.09 20.89 0.932 3.17 25569163 66.85092 0.04352
tdc1_rung1_quad_pair151B.txt 20.95 20.81 22.07 0.932 3.17 25569163 66.85092 0.04352
tdc1_rung1_quad_pair152A.txt 5.89 21.4 22.39 1.458 2.77 66766450 304.46373 0.00649
tdc1_rung1_quad_pair152B.txt 5.41 21.77 21.79 1.458 2.77 66766450 304.46373 0.00649
tdc1_rung1_quad_pair153A.txt 12.78 21.24 22.88 1.026 2.43 31800750 588.28825 0.0095
tdc1_rung1_quad_pair153B.txt 10.83 22.0 21.46 1.026 2.43 31800750 588.28825 0.0095
tdc1_rung1_quad_pair154A.txt 32.81 21.02 22.39 0.806 3.97 18181953 786.49613 0.01069
tdc1_rung1_quad_pair154B.txt 37.51 21.7 21.24 0.806 3.97 18181953 786.49613 0.01069
tdc1_rung1_quad_pair155A.txt 6.47 21.71 21.36 0.324 1.6 1682817 501.71637 0.00851
tdc1_rung1_quad_pair155B.txt 14.24 21.22 22.92 0.324 1.6 1682817 501.71637 0.00851
tdc1_rung1_quad_pair156A.txt 30.91 20.59 21.58 1.202 2.3 44964283 331.9623 0.00706
tdc1_rung1_quad_pair156B.txt 20.15 21.06 20.63 1.202 2.3 44964283 331.9623 0.00706
tdc1_rung1_quad_pair157A.txt 7.54 21.18 20.77 0.996 1.9 29769550 64.69719 0.03818
tdc1_rung1_quad_pair157B.txt 21.06 20.76 22.16 0.996 1.9 29769550 64.69719 0.03818
tdc1_rung1_quad_pair158A.txt 5.63 21.71 21.69 0.772 2.61 16370799 409.72229 0.00747
tdc1_rung1_quad_pair158B.txt 10.0 21.56 22.3 0.772 2.61 16370799 409.72229 0.00747
